:[5, 4, 4, 3, 4, 4, 5, 6, 4, 3, 6, 4, 6, 5, 6, 5, 4, 4, 5, 4, 3, 3, 6, 3, 3, 4, 5, 5, 6, 6, 4, 5, 4, 3, 4, 5, 3, 3, 6, 3, 5, 4, 3, 4, 4, 3, 6, 3, 6, 3, 6, 3, 5, 6, 5, 6, 4, 3, 3, 4, 4, 3, 4, 3, 5, 5, 5, 6, 3, 4, 6, 4, 3, 5, 5, 3, 6, 3, 4, 3, 5, 3, 3, 3, 5, 6, 4, 6, 4, 6, 3, 4, 5, 4, 6, 4, 4, 5, 3, 4, 4, 4, 4, 5, 6, 3, 5, 5, 5, 5, 6, 5, 3, 5, 6, 5, 3, 5, 4, 6, 6, 6, 6, 4, 6, 6, 4, 3, 5, 4, 3, 5, 4, 6, 4, 3, 5, 5, 6, 3, 5, 5, 4, 5, 3, 4, 4, 5, 6, 5, 5, 6, 4, 3, 4, 3, 6, 4, 6, 6, 3, 5, 5, 6, 3, 3, 4, 3, 3, 3, 6, 4, 4, 3, 6, 3, 3, 6, 6, 4, 3, 4, 5, 5, 6, 3, 5, 6, 6, 4, 6, 5, 5, 3, 6, 4, 4, 6, 6, 6, 3, 5, 3, 4, 6, 6, 3, 5, 3, 3, 5, 6, 5, 6, 4, 4, 5, 3, 4, 4, 6, 4, 4, 4, 6, 3, 3, 3, 4, 6, 6, 6, 6, 3, 5, 6, 5, 6, 4, 5, 4, 6, 3, 5, 4, 4, 6, 4, 3, 3, 3, 3, 6, 4, 6, 5, 6, 4, 5, 5, 4, 6, 3, 3, 3, 6, 3, 4, 4, 3, 4, 3, 4, 3, 5, 6, 5, 5, 5, 6, 4, 3, 6, 6, 4, 6, 6, 4, 3, 5, 5, 5, 4, 6, 6, 4, 3, 3, 4, 4, 4, 4, 6, 5, 5, 4, 3, 6, 5, 4, 6, 3, 3, 6, 5, 6, 3, 3, 4, 4, 5, 6, 3, 5, 3, 6, 3, 5, 4, 4, 3, 3, 6, 5, 4, 4, 5, 4, 4, 5, 5, 6, 5, 5, 4, 4, 3, 4, 4, 4, 5, 6, 4, 3, 5, 3, 4, 6, 4, 4]=
=[350, 250, 108]; 
:[5, 5, 3, 3, 5, 3, 4, 5, 6, 5, 4, 4, 4, 4, 6, 5, 3, 3, 4, 6, 4, 3, 6, 5, 3, 4, 4, 4, 5, 3, 3, 6, 3, 6, 4, 5, 6, 6, 4, 5, 6, 5, 6, 3, 6, 6, 5, 4, 3, 6, 6, 3, 6, 5, 3, 6, 4, 4, 4, 5, 5, 6, 6, 5, 4, 4, 5, 3, 6, 4, 5, 5, 3, 3, 6, 6, 3, 5, 6, 6, 6, 3, 6, 3, 6, 6, 6, 6, 4, 6, 3, 4, 4, 6, 6, 3, 3, 6, 6, 4, 4, 5, 4, 3, 6, 3, 4, 4, 5, 4, 4, 3, 5, 6, 4, 4, 5, 5, 3, 5, 5, 4, 5, 3, 5, 5, 6, 6, 3, 3, 6, 4, 6, 6, 5, 4, 4, 3, 6, 4, 4, 3, 5, 3, 5, 3, 6, 5, 3, 5, 5, 3, 3, 4, 6, 4, 6, 5, 5, 5, 4, 3, 6, 4, 5, 4, 4, 4, 3, 5, 3, 6, 5, 3, 5, 3, 4, 3, 3, 3, 3, 5, 3, 5, 6, 3, 3, 6, 4, 3, 3, 5, 3, 3, 6, 5, 6, 5, 5, 3, 3, 6, 5, 3, 6, 5, 3, 6, 5, 4, 4, 4, 6, 5, 5, 6, 3, 5, 6, 4, 4, 4, 6, 6, 6, 4, 5, 4, 5, 6, 6, 3, 3, 3, 3, 3, 4, 3, 3, 3, 3, 3, 5, 6, 4, 3, 6, 6, 6, 6, 6, 6, 4, 4, 5, 3, 3, 5, 4, 4, 5, 6, 3, 5, 3, 5, 3, 3, 6, 4, 3, 4, 4, 3, 5, 4, 5, 6, 5, 3, 5, 3, 3, 3, 4, 3, 5, 4, 4, 4, 6, 6, 4, 3, 6, 4, 5, 5, 6, 6, 4, 3, 6, 4, 3, 3, 4, 6, 3, 6, 5, 3, 4, 5, 5, 3, 4, 6, 6, 4, 3, 4, 5, 6, 3, 3, 3, 3, 6, 3, 6, 6, 6, 5, 3, 3, 5, 6, 3, 4, 5, 4, 5, 5, 5, 3, 6, 6, 4, 4, 5, 3, 6, 5, 5, 3, 5, 5, 5, 4]=
=[59, 345, 127]; 
:[6, 6, 6, 5, 5, 4, 5, 4, 4, 4, 4, 4, 5, 3, 3, 5, 5, 4, 6, 4, 5, 5, 5, 4, 4, 6, 3, 5, 4, 6, 3, 4, 5, 5, 5, 3, 3, 3, 5, 5, 3, 6, 3, 6, 3, 4, 3, 6, 5, 5, 4, 6, 6, 4, 5, 5, 6, 4, 5, 6, 6, 4, 3, 4, 4, 5, 6, 6, 5, 6, 6, 5, 5, 6, 5, 4, 4, 5, 5, 3, 3, 5, 3, 4, 3, 5, 4, 4, 3, 4, 5, 6, 5, 4, 3, 5, 5, 5, 6, 3, 3, 3, 3, 6, 4, 3, 5, 3, 5, 6, 3, 4, 4, 5, 3, 3, 5, 3, 5, 6, 4, 3, 4, 5, 4, 4, 5, 4, 4, 3, 5, 6, 6, 5, 5, 5, 3, 3, 5, 5, 4, 5, 5, 5, 4, 4, 3, 3, 4, 6, 3, 6, 3, 4, 3, 5, 6, 6, 6, 3, 3, 6, 6, 5, 3, 4, 3, 3, 4, 6, 5, 4, 3, 3, 6, 3, 5, 5, 4, 6, 4, 5, 4, 4, 6, 4, 4, 5, 3, 4, 3, 4, 4, 6, 5, 5, 4, 5, 5, 4, 5, 5, 5, 5, 5, 5, 5, 6, 6, 3, 4, 6, 4, 4, 6, 6, 4, 6, 5, 4, 6, 5, 4, 5, 4, 3, 4, 4, 4, 4, 6, 6, 5, 5, 4, 4, 3, 6, 5, 5, 3, 5, 5, 5, 6, 6, 5, 4, 6, 6, 6, 6, 4, 3, 5, 6, 4, 6, 5, 3, 5, 4, 3, 4, 3, 6, 5, 4, 3, 5, 5, 4, 6, 4, 4, 5, 6, 5, 6, 3, 4, 6, 6, 3, 4, 5, 3, 3, 4, 3, 4, 6, 4, 3, 4, 5, 4, 5, 6, 3, 5, 5, 6, 5, 5, 3, 5, 4, 3, 4, 6, 3, 6, 3, 6, 6, 6, 4, 4, 4, 5, 5, 4, 6, 3, 3, 3, 6, 3, 5, 6, 6, 6, 5, 4, 4, 5, 4, 5, 6, 5, 6, 4, 4, 5, 4, 6, 5, 5, 3, 6, 4, 5, 4, 5, 4, 5, 4, 4, 3]=
=[180, 100, 184]; 
:[5, 3, 5, 6, 3, 5, 4, 3, 3, 5, 4, 5, 6, 5, 3, 4, 3, 3, 5, 4, 3, 4, 6, 4, 6, 3, 5, 4, 4, 3, 4, 4, 4, 4, 5, 3, 6, 6, 3, 6, 5, 5, 6, 6, 4, 6, 4, 3, 5, 4, 4, 6, 3, 5, 6, 5, 3, 3, 5, 4, 3, 4, 4, 3, 6, 4, 3, 5, 4, 3, 3, 5, 3, 5, 4, 5, 6, 5, 4, 4, 3, 3, 4, 5, 4, 5, 6, 5, 5, 4, 6, 3, 6, 3, 6, 6, 5, 3, 6, 4, 6, 6, 4, 3, 5, 3, 4, 5, 3, 5, 4, 5, 4, 6, 6, 5, 6, 3, 4, 5, 6, 3, 6, 6, 4, 3, 3, 6, 3, 4, 4, 6, 3, 4, 6, 6, 6, 5, 4, 6, 5, 5, 6, 5, 4, 6, 3, 5, 5, 5, 5, 5, 6, 6, 5, 3, 4, 5, 3, 3, 3, 5, 5, 4, 4, 4, 6, 5, 3, 5, 5, 4, 5, 6, 6, 4, 6, 5, 5, 6, 6, 4, 5, 3, 4, 5, 6, 3, 3, 3, 3, 4, 5, 5, 3, 3, 3, 6, 4, 5, 3, 3, 6, 4, 4, 6, 6, 3, 4, 4, 4, 6, 5, 5, 5, 5, 6, 5, 5, 5, 3, 6, 6, 4, 5, 6, 5, 5, 3, 4, 5, 5, 5, 6, 6, 4, 6, 3, 6, 4, 4, 6, 5, 5, 5, 3, 3, 4, 5, 3, 5, 4, 6, 5, 4, 4, 3, 6, 4, 5, 5, 6, 4, 4, 4, 4, 5, 4, 4, 5, 5, 3, 4, 4, 6, 4, 4, 3, 4, 4, 5, 5, 4, 3, 6, 6, 6, 4, 5, 4, 6, 4, 5, 3, 3, 4, 6, 5, 3, 3, 6, 3, 6, 4, 4, 5, 4, 4, 4, 4, 3, 6, 4, 3, 4, 4, 3, 3, 5, 5, 5, 6, 4, 4, 3, 3, 5, 3, 5, 3, 3, 6, 4, 4, 5, 3, 6, 6, 6, 6, 5, 3, 5, 3, 5, 4, 4, 3, 3, 6, 5, 4, 4, 6, 3, 3, 4, 5, 3, 3]=
=[116, 150, 17]; 
:[6, 3, 3, 4, 3, 6, 5, 6, 4, 3, 3, 5, 5, 6, 6, 5, 5, 3, 4, 5, 3, 4, 5, 4, 4, 6, 5, 3, 5, 3, 4, 5, 3, 3, 3, 3, 3, 5, 4, 5, 4, 5, 6, 4, 4, 3, 6, 3, 5, 5, 4, 4, 5, 3, 5, 5, 6, 4, 3, 4, 6, 5, 3, 5, 3, 4, 5, 5, 6, 3, 3, 4, 6, 4, 5, 6, 6, 5, 6, 3, 6, 3, 6, 5, 5, 3, 3, 3, 5, 5, 3, 6, 6, 4, 5, 5, 5, 6, 5, 3, 3, 6, 4, 6, 3, 6, 4, 5, 4, 6, 4, 3, 3, 6, 6, 4, 4, 6, 6, 4, 3, 3, 3, 4, 5, 6, 3, 4, 4, 4, 5, 3, 5, 3, 6, 3, 4, 4, 4, 4, 4, 4, 5, 6, 6, 5, 3, 3, 3, 4, 5, 4, 3, 5, 6, 5, 3, 6, 3, 6, 3, 3, 4, 3, 4, 4, 4, 5, 6, 4, 5, 4, 3, 6, 4, 5, 5, 5, 3, 3, 3, 4, 3, 6, 6, 4, 5, 3, 6, 6, 6, 3, 4, 5, 5, 3, 5, 6, 6, 3, 4, 5, 6, 4, 6, 6, 4, 4, 3, 5, 3, 5, 6, 3, 5, 6, 4, 5, 4, 5, 4, 3, 5, 3, 5, 4, 4, 5, 3, 4, 6, 3, 6, 3, 6, 3, 4, 3, 3, 6, 3, 6, 5, 4, 5, 6, 4, 4, 3, 5, 4, 4, 3, 4, 4, 3, 6, 3, 6, 3, 5, 5, 3, 3, 6, 6, 6, 4, 6, 4, 3, 4, 5, 3, 6, 5, 4, 6, 4, 3, 5, 6, 4, 5, 4, 4, 3, 4, 4, 4, 5, 5, 6, 6, 3, 4, 6, 5, 6, 6, 3, 3, 4, 3, 3, 6, 4, 3, 6, 4, 6, 5, 5, 6, 4, 6, 3, 5, 5, 3, 4, 3, 6, 4, 5, 4, 5, 5, 6, 5, 5, 6, 5, 4, 6, 3, 4, 3, 4, 5, 3, 3, 4, 5, 3, 4, 3, 5, 3, 6, 4, 5, 5, 3, 4, 4, 6, 3, 4, 3]=
=[53, 12, 336]; 
:[6, 6, 3, 3, 6, 3, 3, 5, 4, 6, 6, 5, 4, 4, 5, 3, 3, 6, 4, 6, 3, 3, 5, 6, 3, 3, 5, 5, 3, 6, 6, 3, 3, 4, 3, 5, 5, 6, 6, 4, 6, 5, 4, 4, 3, 5, 6, 5, 3, 6, 5, 6, 3, 5, 6, 5, 6, 3, 6, 3, 5, 5, 3, 3, 6, 3, 4, 3, 6, 4, 4, 5, 6, 5, 6, 3, 6, 5, 3, 5, 3, 4, 3, 4, 4, 4, 5, 3, 5, 3, 3, 5, 5, 5, 6, 3, 6, 6, 5, 4, 4, 4, 5, 5, 4, 6, 5, 4, 4, 4, 4, 5, 3, 4, 3, 3, 6, 3, 5, 4, 6, 5, 4, 3, 6, 3, 4, 3, 3, 5, 3, 4, 3, 4, 6, 6, 5, 3, 3, 3, 3, 4, 5, 5, 3, 6, 3, 3, 5, 5, 6, 4, 3, 5, 5, 3, 3, 3, 3, 6, 4, 3, 5, 4, 6, 3, 5, 5, 4, 4, 6, 4, 5, 3, 4, 4, 4, 6, 3, 3, 5, 4, 5, 3, 3, 3, 3, 3, 3, 3, 3, 3, 6, 4, 3, 5, 6, 3, 5, 3, 4, 6, 6, 3, 6, 6, 6, 6, 5, 4, 3, 4, 3, 4, 5, 6, 4, 6, 3, 5, 5, 6, 4, 4, 6, 4, 3, 3, 6, 6, 5, 3, 5, 5, 3, 4, 3, 4, 3, 5, 5, 5, 5, 5, 4, 4, 6, 4, 4, 5, 6, 6, 6, 4, 4, 6, 6, 4, 3, 3, 3, 3, 5, 4, 4, 4, 3, 3, 3, 5, 3, 3, 6, 6, 6, 4, 6, 5, 3, 5, 5, 4, 4, 5, 5, 6, 6, 5, 5, 6, 5, 5, 6, 4, 3, 5, 5, 3, 4, 3, 3, 4, 5, 6, 4, 3, 5, 4, 4, 3, 4, 3, 4, 3, 4, 3, 6, 4, 3, 5, 5, 6, 5, 4, 4, 6, 6, 3, 3, 3, 6, 3, 6, 4, 5, 4, 5, 4, 5, 3, 4, 4, 6, 3, 6, 4, 6, 5, 3, 4, 5, 4, 3, 5, 4, 3, 3, 5, 4, 5]=
=[320, 43, 163]; 
:[5, 3, 3, 5, 6, 4, 6, 3, 6, 4, 4, 5, 3, 6, 3, 5, 5, 3, 4, 4, 3, 5, 4, 3, 4, 4, 3, 4, 3, 4, 3, 5, 4, 3, 5, 4, 5, 4, 6, 5, 5, 5, 5, 3, 3, 3, 4, 4, 6, 5, 4, 3, 5, 5, 6, 3, 3, 3, 4, 6, 5, 3, 6, 3, 3, 6, 3, 3, 3, 4, 4, 3, 5, 4, 4, 4, 3, 3, 5, 4, 6, 6, 4, 3, 3, 5, 4, 4, 5, 3, 3, 3, 4, 6, 4, 6, 6, 3, 3, 6, 4, 4, 6, 5, 6, 5, 3, 4, 6, 6, 6, 4, 6, 4, 3, 3, 5, 6, 5, 4, 4, 5, 3, 5, 3, 5, 4, 4, 6, 6, 5, 6, 4, 6, 4, 3, 3, 6, 6, 4, 5, 6, 5, 5, 3, 6, 3, 6, 3, 6, 3, 4, 4, 6, 3, 3, 5, 4, 4, 6, 3, 5, 3, 4, 6, 4, 6, 3, 6, 6, 5, 3, 4, 3, 6, 4, 6, 5, 3, 6, 3, 4, 6, 3, 6, 5, 3, 6, 5, 5, 6, 3, 6, 5, 5, 6, 4, 6, 4, 5, 3, 4, 3, 6, 6, 5, 6, 6, 4, 3, 3, 6, 3, 3, 3, 4, 3, 3, 6, 3, 6, 3, 6, 4, 5, 4, 5, 5, 3, 5, 5, 5, 5, 5, 6, 5, 3, 4, 4, 3, 6, 6, 6, 4, 5, 4, 3, 4, 6, 3, 4, 5, 4, 4, 3, 5, 6, 5, 6, 6, 5, 6, 4, 6, 4, 6, 5, 5, 4, 5, 3, 6, 5, 6, 6, 3, 5, 6, 4, 5, 4, 4, 6, 4, 5, 4, 3, 4, 3, 4, 3, 3, 6, 6, 4, 6, 4, 5, 4, 5, 3, 5, 6, 4, 3, 4, 4, 6, 6, 4, 5, 5, 3, 5, 6, 4, 6, 6, 5, 3, 6, 5, 4, 4, 4, 5, 4, 4, 3, 5, 4, 5, 6, 6, 5, 5, 4, 4, 6, 3, 5, 4, 6, 5, 4, 4, 6, 6, 3, 3, 5, 4, 6, 6, 3, 6, 6, 5, 6, 3]=
=[159, 153, 166]; 
:[3, 5, 3, 3, 3, 6, 6, 4, 6, 3, 4, 3, 4, 3, 5, 4, 4, 5, 4, 4, 6, 3, 5, 3, 3, 4, 6, 5, 5, 3, 3, 3, 6, 6, 4, 4, 6, 3, 6, 5, 3, 5, 5, 3, 6, 6, 5, 3, 6, 4, 5, 6, 5, 4, 3, 5, 3, 4, 3, 4, 4, 6, 5, 4, 3, 6, 6, 3, 4, 4, 3, 5, 4, 4, 4, 5, 3, 5, 5, 5, 4, 6, 3, 6, 6, 5, 5, 3, 4, 3, 3, 6, 4, 4, 5, 4, 4, 5, 4, 4, 5, 6, 5, 4, 6, 6, 3, 3, 5, 6, 6, 6, 6, 4, 6, 4, 6, 4, 6, 5, 6, 5, 6, 4, 6, 4, 6, 6, 6, 3, 4, 5, 5, 4, 3, 6, 5, 4, 4, 6, 3, 4, 5, 6, 3, 3, 5, 3, 4, 6, 3, 4, 3, 5, 4, 3, 6, 5, 6, 6, 6, 3, 4, 3, 4, 5, 3, 5, 3, 4, 6, 3, 4, 6, 4, 3, 4, 3, 4, 4, 5, 3, 5, 5, 4, 6, 4, 3, 6, 4, 6, 4, 6, 4, 3, 3, 4, 5, 4, 3, 5, 4, 6, 4, 4, 5, 6, 5, 4, 5, 3, 3, 5, 5, 4, 5, 6, 3, 4, 6, 6, 6, 6, 6, 6, 3, 6, 4, 4, 5, 3, 6, 6, 3, 3, 4, 4, 3, 5, 6, 4, 6, 6, 3, 4, 5, 5, 6, 5, 3, 5, 3, 4, 3, 4, 4, 4, 3, 4, 4, 4, 4, 3, 3, 6, 5, 5, 3, 4, 3, 5, 3, 5, 5, 5, 5, 3, 5, 5, 5, 6, 3, 4, 6, 5, 4, 5, 3, 3, 6, 4, 3, 6, 6, 5, 6, 5, 6, 3, 6, 6, 6, 4, 6, 6, 3, 5, 5, 4, 6, 5, 4, 3, 6, 6, 5, 4, 4, 5, 6, 5, 6, 5, 6, 3, 5, 4, 4, 5, 4, 4, 3, 4, 4, 5, 3, 5, 3, 3, 6, 4, 6, 6, 3, 4, 6, 6, 3, 3, 3, 5, 6, 6, 6, 5, 6, 5, 6, 3, 3]=
=[356, 277, 17]; 
:[6, 4, 3, 6, 3, 4, 6, 4, 6, 5, 3, 4, 5, 3, 6, 5, 3, 5, 5, 4, 5, 3, 3, 4, 5, 6, 4, 3, 5, 5, 6, 4, 5, 4, 5, 6, 4, 4, 6, 6, 6, 3, 3, 5, 5, 5, 4, 3, 5, 3, 6, 5, 3, 4, 3, 5, 3, 4, 5, 6, 6, 6, 4, 5, 3, 5, 3, 3, 4, 4, 5, 5, 5, 3, 4, 3, 4, 3, 3, 4, 5, 4, 5, 5, 6, 4, 5, 5, 3, 3, 4, 4, 3, 6, 5, 3, 6, 3, 4, 3, 3, 5, 4, 3, 5, 5, 4, 4, 6, 6, 6, 4, 3, 5, 4, 6, 5, 3, 4, 6, 4, 6, 5, 5, 4, 4, 3, 5, 5, 5, 6, 3, 4, 6, 5, 4, 4, 6, 5, 3, 4, 6, 6, 3, 5, 4, 4, 6, 5, 4, 3, 4, 3, 3, 6, 4, 6, 6, 5, 5, 6, 5, 4, 4, 3, 6, 3, 4, 5, 5, 3, 3, 5, 4, 6, 4, 4, 4, 5, 6, 5, 4, 3, 4, 3, 4, 5, 4, 5, 3, 3, 4, 3, 6, 6, 5, 6, 3, 6, 5, 5, 3, 4, 3, 6, 6, 5, 5, 4, 6, 3, 5, 6, 6, 3, 3, 3, 3, 6, 5, 6, 4, 3, 6, 6, 6, 4, 4, 6, 3, 3, 4, 4, 5, 5, 5, 6, 4, 4, 4, 5, 4, 3, 3, 4, 6, 3, 3, 6, 5, 6, 5, 5, 6, 3, 3, 4, 6, 6, 5, 5, 4, 4, 4, 3, 3, 6, 4, 3, 5, 3, 5, 5, 6, 4, 5, 3, 4, 3, 3, 3, 3, 4, 3, 4, 3, 4, 6, 5, 6, 4, 6, 5, 6, 6, 4, 6, 6, 5, 4, 5, 4, 4, 5, 3, 3, 4, 5, 5, 4, 4, 5, 3, 3, 4, 3, 5, 4, 3, 3, 4, 3, 5, 6, 5, 5, 4, 6, 6, 4, 5, 6, 3, 6, 4, 5, 4, 3, 4, 5, 5, 6, 4, 3, 6, 5, 3, 5, 5, 5, 6, 5, 6, 3, 4, 4, 5, 4, 6, 6]=
=[90, 52, 281]; 
:[3, 5, 5, 5, 5, 6, 5, 4, 6, 3, 6, 6, 5, 6, 6, 5, 5, 3, 6, 5, 6, 6, 6, 3, 5, 3, 3, 5, 4, 4, 4, 5, 5, 3, 3, 4, 4, 4, 6, 6, 5, 5, 5, 4, 4, 6, 5, 3, 5, 5, 3, 5, 5, 3, 4, 6, 5, 5, 4, 6, 4, 3, 6, 6, 5, 5, 3, 4, 5, 4, 6, 5, 3, 3, 3, 4, 3, 6, 6, 5, 3, 5, 6, 6, 3, 5, 5, 6, 6, 6, 6, 6, 6, 5, 5, 3, 3, 6, 6, 4, 3, 6, 6, 6, 6, 5, 3, 6, 5, 4, 3, 6, 6, 4, 3, 3, 4, 5, 4, 3, 5, 4, 5, 6, 5, 3, 3, 5, 6, 3, 3, 3, 5, 6, 5, 3, 6, 6, 6, 4, 6, 6, 4, 5, 3, 6, 4, 3, 3, 5, 3, 3, 5, 4, 6, 5, 4, 3, 6, 5, 5, 5, 5, 3, 4, 5, 5, 3, 5, 5, 4, 4, 3, 4, 6, 4, 5, 6, 6, 4, 4, 6, 3, 5, 5, 5, 5, 5, 6, 5, 3, 5, 5, 6, 4, 3, 3, 5, 3, 6, 3, 3, 3, 4, 6, 5, 3, 5, 3, 6, 3, 4, 6, 3, 5, 4, 5, 5, 4, 6, 4, 3, 5, 3, 5, 6, 5, 6, 3, 6, 4, 4, 4, 5, 5, 6, 5, 6, 6, 5, 3, 6, 5, 5, 6, 3, 4, 4, 6, 3, 6, 4, 4, 6, 4, 3, 4, 4, 3, 5, 5, 5, 4, 3, 3, 5, 3, 5, 6, 5, 4, 5, 6, 4, 4, 3, 3, 5, 4, 4, 6, 6, 5, 6, 4, 3, 3, 6, 4, 6, 5, 5, 4, 3, 4, 6, 3, 5, 3, 3, 6, 4, 5, 4, 3, 5, 4, 4, 6, 3, 5, 6, 3, 6, 4, 6, 3, 5, 5, 3, 3, 6, 6, 5, 3, 6, 5, 3, 6, 5, 5, 3, 6, 6, 6, 6, 6, 3, 5, 3, 6, 6, 3, 3, 4, 3, 3, 3, 3, 4, 3, 5, 3, 3, 5, 3, 4, 6, 3, 6]=
=[120, 42, 15]; 
:[3, 4, 5, 6, 4, 6, 5, 6, 6, 3, 3, 6, 4, 4, 6, 4, 5, 5, 3, 4, 4, 4, 4, 4, 5, 4, 6, 6, 4, 4, 3, 5, 3, 3, 3, 6, 4, 6, 6, 3, 6, 5, 4, 3, 6, 5, 5, 5, 5, 5, 5, 4, 4, 6, 5, 6, 5, 3, 4, 3, 5, 3, 4, 4, 5, 4, 5, 3, 5, 6, 6, 6, 5, 4, 4, 6, 5, 6, 5, 6, 4, 4, 4, 5, 3, 3, 4, 5, 5, 6, 3, 4, 4, 4, 6, 6, 6, 4, 3, 6, 6, 3, 5, 5, 3, 6, 4, 3, 3, 4, 3, 6, 5, 4, 5, 6, 5, 6, 3, 4, 4, 6, 5, 3, 6, 5, 4, 6, 5, 3, 6, 3, 3, 3, 6, 6, 3, 3, 3, 4, 3, 6, 6, 4, 3, 3, 4, 4, 5, 4, 3, 3, 4, 4, 4, 4, 4, 5, 5, 4, 3, 4, 5, 4, 3, 3, 3, 4, 6, 4, 4, 5, 6, 4, 5, 3, 3, 5, 3, 6, 5, 4, 3, 6, 4, 4, 3, 6, 6, 5, 6, 6, 4, 4, 6, 6, 4, 4, 5, 6, 6, 3, 4, 4, 3, 4, 4, 3, 5, 5, 5, 3, 3, 5, 5, 4, 5, 4, 4, 3, 5, 6, 3, 6, 4, 3, 5, 4, 3, 3, 5, 4, 6, 3, 5, 6, 6, 6, 4, 6, 3, 5, 5, 4, 3, 5, 4, 3, 3, 5, 4, 6, 6, 5, 3, 4, 4, 3, 3, 3, 3, 5, 6, 4, 3, 5, 3, 5, 5, 3, 5, 5, 5, 5, 5, 5, 3, 4, 3, 6, 5, 3, 6, 5, 4, 3, 3, 6, 6, 3, 4, 6, 4, 4, 4, 3, 5, 4, 3, 3, 5, 4, 3, 5, 6, 3, 5, 3, 3, 6, 4, 6, 5, 5, 6, 6, 6, 3, 6, 5, 3, 6, 5, 5, 6, 3, 6, 4, 4, 6, 6, 3, 5, 5, 4, 4, 6, 5, 6, 3, 3, 5, 5, 3, 6, 3, 6, 6, 5, 4, 6, 3, 6, 4, 5, 3, 4, 5, 4, 6]=
=[76, 236, 348]; 
:[4, 6, 5, 4, 6, 3, 3, 5, 3, 6, 6, 3, 6, 4, 5, 5, 5, 5, 5, 6, 6, 6, 4, 6, 3, 3, 3, 3, 3, 4, 4, 6, 6, 6, 5, 4, 4, 6, 3, 5, 6, 3, 4, 5, 6, 5, 6, 6, 6, 5, 5, 5, 3, 3, 4, 3, 5, 5, 5, 6, 4, 4, 4, 5, 4, 4, 4, 3, 3, 4, 6, 4, 5, 5, 3, 4, 5, 6, 3, 3, 4, 5, 6, 3, 4, 6, 6, 5, 3, 6, 5, 3, 4, 4, 5, 6, 5, 6, 3, 5, 6, 3, 3, 4, 6, 3, 6, 5, 3, 5, 4, 6, 3, 3, 6, 3, 3, 3, 3, 4, 5, 6, 6, 6, 4, 6, 4, 5, 3, 3, 3, 6, 3, 5, 6, 5, 4, 4, 3, 5, 5, 4, 3, 6, 3, 3, 5, 5, 6, 5, 3, 5, 6, 5, 5, 5, 5, 6, 6, 5, 5, 5, 3, 4, 3, 4, 3, 5, 5, 6, 4, 6, 6, 3, 4, 4, 6, 4, 6, 6, 5, 6, 3, 4, 6, 3, 4, 5, 4, 3, 4, 6, 6, 6, 3, 4, 3, 5, 6, 5, 4, 4, 5, 5, 3, 6, 4, 5, 4, 4, 5, 5, 6, 6, 6, 6, 3, 3, 3, 6, 3, 4, 5, 5, 3, 4, 5, 3, 5, 4, 4, 4, 4, 5, 4, 4, 3, 5, 4, 6, 5, 5, 4, 4, 4, 3, 6, 5, 6, 3, 4, 6, 6, 6, 4, 5, 3, 6, 4, 6, 6, 5, 4, 6, 6, 5, 3, 3, 6, 4, 4, 4, 6, 6, 3, 5, 5, 3, 6, 4, 6, 5, 4, 4, 3, 4, 5, 5, 3, 3, 5, 5, 6, 5, 4, 3, 6, 3, 3, 4, 5, 4, 6, 4, 6, 6, 6, 6, 6, 3, 6, 6, 3, 4, 4, 4, 5, 4, 6, 4, 5, 4, 3, 6, 5, 5, 6, 3, 3, 3, 4, 3, 4, 3, 4, 5, 5, 5, 5, 3, 5, 4, 4, 6, 6, 4, 4, 4, 4, 5, 4, 4, 6, 3, 3, 4, 4, 6, 5, 5]=
=[192, 310, 253]; 
:[5, 4, 3, 3, 3, 4, 4, 5, 5, 6, 6, 6, 4, 4, 5, 4, 3, 4, 3, 6, 3, 6, 5, 5, 4, 4, 5, 4, 5, 4, 5, 5, 4, 4, 5, 3, 5, 5, 6, 3, 4, 6, 6, 4, 3, 5, 6, 6, 6, 3, 5, 4, 6, 4, 3, 3, 5, 6, 4, 3, 4, 3, 4, 5, 3, 6, 5, 3, 5, 4, 6, 3, 6, 4, 3, 4, 6, 4, 4, 5, 6, 3, 5, 5, 5, 6, 5, 5, 3, 5, 4, 4, 4, 6, 5, 3, 3, 4, 4, 3, 6, 6, 4, 4, 5, 6, 5, 3, 4, 5, 4, 6, 5, 6, 5, 5, 3, 4, 5, 4, 4, 4, 5, 6, 3, 4, 4, 6, 3, 6, 3, 5, 6, 6, 4, 5, 3, 3, 5, 6, 6, 6, 6, 4, 3, 3, 3, 3, 6, 3, 3, 3, 6, 4, 6, 6, 4, 6, 3, 5, 5, 5, 5, 5, 6, 6, 4, 5, 4, 4, 4, 5, 3, 6, 5, 3, 4, 6, 6, 6, 6, 5, 3, 6, 5, 4, 4, 3, 4, 3, 6, 6, 3, 3, 4, 6, 5, 4, 4, 4, 4, 3, 3, 3, 5, 3, 3, 4, 6, 5, 6, 4, 6, 5, 5, 4, 5, 6, 3, 3, 4, 4, 4, 4, 5, 6, 4, 5, 6, 6, 5, 4, 4, 6, 4, 4, 6, 3, 4, 5, 4, 5, 6, 3, 5, 3, 5, 5, 4, 3, 5, 6, 3, 3, 5, 6, 6, 3, 3, 4, 6, 4, 6, 4, 4, 3, 4, 3, 5, 4, 4, 4, 4, 5, 6, 4, 3, 6, 6, 6, 5, 4, 4, 5, 5, 5, 4, 3, 3, 4, 6, 4, 5, 5, 3, 3, 5, 6, 5, 6, 5, 5, 3, 5, 6, 5, 6, 4, 4, 3, 5, 6, 4, 5, 3, 3, 6, 3, 3, 6, 4, 4, 6, 6, 5, 5, 5, 4, 3, 3, 4, 5, 3, 5, 4, 5, 4, 6, 5, 6, 3, 3, 6, 5, 4, 5, 5, 4, 5, 5, 3, 5, 3, 4, 3, 4, 4, 6, 5, 5]=
=[175, 152, 285]; 
:[4, 4, 6, 3, 3, 5, 5, 5, 5, 5, 3, 6, 4, 5, 4, 5, 3, 4, 6, 6, 5, 5, 5, 6, 3, 3, 3, 4, 3, 6, 5, 4, 6, 3, 5, 4, 6, 5, 6, 3, 3, 3, 6, 5, 3, 6, 5, 4, 5, 4, 6, 5, 4, 3, 4, 3, 6, 3, 6, 3, 4, 6, 6, 6, 4, 6, 5, 5, 6, 4, 4, 4, 5, 5, 6, 4, 3, 5, 3, 5, 5, 5, 6, 6, 5, 5, 3, 3, 4, 4, 6, 5, 4, 3, 6, 3, 6, 4, 4, 3, 5, 6, 6, 5, 3, 3, 4, 5, 3, 5, 5, 4, 3, 3, 6, 6, 3, 5, 3, 3, 4, 5, 3, 5, 4, 3, 5, 3, 4, 4, 4, 6, 4, 5, 6, 5, 3, 4, 4, 3, 6, 5, 3, 3, 5, 5, 5, 6, 6, 3, 6, 4, 5, 6, 6, 3, 4, 3, 5, 5, 6, 3, 6, 6, 6, 5, 6, 6, 3, 6, 3, 6, 6, 5, 4, 6, 4, 6, 5, 6, 5, 5, 4, 4, 5, 5, 5, 5, 6, 4, 3, 4, 6, 3, 3, 3, 6, 5, 6, 3, 5, 4, 4, 4, 4, 3, 6, 6, 4, 6, 6, 3, 5, 3, 5, 4, 5, 3, 5, 5, 6, 6, 5, 4, 5, 6, 5, 3, 5, 4, 4, 6, 4, 6, 3, 5, 5, 6, 6, 5, 6, 6, 6, 5, 5, 5, 3, 3, 5, 4, 3, 4, 3, 5, 4, 4, 5, 5, 3, 3, 3, 5, 5, 3, 6, 3, 4, 4, 3, 3, 6, 5, 5, 4, 6, 3, 4, 4, 3, 4, 5, 4, 5, 4, 4, 5, 6, 3, 5, 6, 4, 4, 6, 4, 6, 3, 5, 6, 5, 4, 5, 3, 6, 5, 5, 5, 6, 3, 3, 5, 6, 6, 5, 6, 6, 5, 6, 3, 6, 5, 6, 3, 3, 4, 5, 5, 6, 4, 3, 6, 3, 4, 6, 5, 6, 3, 5, 5, 4, 3, 5, 5, 3, 6, 6, 4, 3, 5, 5, 6, 4, 4, 6, 4, 4, 4, 4, 3, 5, 4]=
=[212, 245, 160]; 
:[5, 3, 6, 3, 5, 6, 3, 3, 5, 5, 5, 4, 3, 5, 5, 3, 6, 4, 6, 3, 5, 4, 3, 3, 4, 4, 6, 6, 4, 5, 6, 4, 5, 3, 6, 4, 6, 3, 6, 6, 4, 5, 5, 5, 5, 4, 3, 6, 6, 4, 6, 6, 6, 4, 5, 3, 5, 4, 4, 4, 6, 5, 6, 5, 4, 6, 3, 6, 3, 4, 4, 3, 6, 4, 4, 3, 3, 4, 4, 3, 6, 6, 6, 4, 6, 4, 6, 6, 5, 4, 5, 5, 5, 3, 4, 4, 6, 4, 6, 4, 5, 5, 4, 5, 3, 3, 5, 6, 6, 6, 4, 6, 6, 6, 6, 4, 5, 6, 5, 6, 5, 5, 4, 6, 4, 5, 3, 6, 3, 4, 3, 6, 5, 5, 6, 6, 6, 3, 6, 3, 5, 5, 6, 6, 3, 4, 5, 3, 5, 6, 5, 6, 3, 4, 4, 3, 6, 6, 5, 4, 6, 5, 4, 3, 6, 6, 4, 5, 4, 4, 5, 4, 4, 6, 4, 3, 6, 3, 5, 3, 6, 3, 4, 3, 6, 5, 4, 6, 6, 3, 3, 6, 3, 4, 3, 6, 5, 4, 3, 5, 4, 3, 6, 4, 3, 5, 3, 3, 3, 6, 4, 6, 6, 4, 4, 6, 3, 5, 5, 3, 5, 6, 6, 6, 5, 5, 6, 3, 3, 4, 6, 5, 3, 6, 6, 4, 6, 3, 6, 4, 4, 3, 3, 3, 6, 6, 6, 4, 3, 5, 6, 5, 6, 3, 3, 3, 3, 5, 4, 4, 5, 4, 5, 5, 5, 4, 5, 3, 3, 3, 4, 5, 4, 6, 3, 6, 5, 5, 4, 3, 3, 4, 4, 4, 5, 5, 6, 4, 5, 4, 3, 4, 4, 5, 6, 5, 6, 4, 4, 3, 4, 3, 3, 3, 5, 4, 6, 6, 6, 6, 6, 4, 4, 3, 5, 4, 6, 4, 3, 5, 6, 6, 3, 5, 4, 4, 4, 3, 3, 4, 3, 3, 3, 4, 4, 3, 3, 6, 5, 5, 6, 5, 5, 3, 4, 6, 4, 4, 5, 3, 4, 3, 3, 3, 5, 4, 4, 3, 3, 3]=
=[144, 149, 195]; 
:[6, 4, 5, 3, 4, 5, 4, 3, 4, 3, 5, 4, 5, 6, 6, 5, 4, 6, 5, 4, 5, 5, 5, 5, 5, 4, 4, 5, 5, 5, 3, 4, 6, 5, 6, 6, 6, 3, 3, 3, 3, 4, 6, 5, 6, 3, 5, 3, 6, 6, 6, 6, 5, 3, 4, 4, 4, 5, 6, 3, 5, 6, 4, 4, 4, 4, 3, 5, 6, 4, 6, 4, 4, 3, 6, 5, 3, 4, 3, 4, 6, 6, 3, 5, 3, 3, 6, 3, 5, 6, 4, 6, 6, 6, 6, 6, 3, 3, 3, 3, 5, 4, 4, 6, 3, 6, 5, 5, 6, 6, 3, 6, 5, 3, 3, 6, 5, 4, 4, 6, 3, 4, 3, 6, 4, 6, 3, 5, 4, 3, 3, 6, 5, 6, 3, 4, 4, 4, 6, 4, 3, 6, 6, 4, 4, 4, 3, 6, 4, 4, 4, 4, 6, 5, 5, 3, 5, 6, 5, 3, 4, 4, 3, 5, 6, 5, 4, 6, 6, 5, 6, 4, 4, 3, 6, 3, 4, 5, 4, 4, 5, 6, 6, 4, 6, 3, 4, 5, 4, 3, 5, 6, 6, 3, 3, 4, 3, 3, 5, 4, 6, 3, 3, 4, 3, 3, 6, 6, 3, 5, 4, 5, 3, 3, 5, 5, 5, 5, 6, 6, 3, 6, 3, 6, 4, 5, 5, 6, 4, 6, 5, 5, 4, 3, 4, 3, 6, 3, 5, 6, 4, 5, 5, 6, 3, 6, 4, 6, 5, 3, 3, 3, 6, 5, 6, 5, 3, 5, 5, 5, 6, 4, 5, 3, 5, 3, 3, 6, 4, 5, 6, 5, 4, 6, 4, 4, 4, 5, 3, 4, 5, 5, 6, 6, 5, 6, 5, 3, 4, 5, 5, 4, 6, 3, 3, 3, 6, 5, 4, 3, 3, 4, 6, 4, 6, 6, 3, 3, 5, 4, 5, 5, 6, 3, 3, 5, 3, 6, 6, 3, 6, 6, 3, 5, 6, 5, 6, 5, 6, 4, 4, 6, 4, 5, 4, 4, 5, 3, 5, 5, 5, 6, 6, 4, 3, 5, 5, 5, 6, 6, 6, 6, 3, 3, 5, 3, 6, 5, 3, 5]=
=[241, 10, 69]; 
:[3, 6, 3, 3, 6, 3, 4, 4, 3, 4, 5, 5, 5, 6, 3, 6, 3, 5, 6, 4, 4, 3, 3, 6, 4, 5, 4, 3, 3, 5, 6, 5, 6, 3, 3, 6, 6, 6, 6, 5, 4, 5, 4, 4, 4, 4, 4, 6, 6, 6, 3, 4, 6, 3, 4, 5, 5, 3, 6, 4, 3, 4, 6, 5, 4, 5, 6, 6, 5, 6, 5, 5, 3, 4, 3, 5, 6, 6, 3, 4, 5, 5, 5, 4, 4, 3, 3, 5, 4, 4, 6, 5, 6, 4, 5, 5, 6, 4, 6, 3, 5, 4, 5, 4, 6, 6, 3, 6, 4, 4, 4, 3, 5, 5, 6, 6, 5, 6, 5, 6, 5, 6, 4, 6, 4, 5, 3, 6, 5, 6, 4, 3, 3, 3, 3, 5, 4, 3, 5, 3, 3, 5, 6, 4, 3, 6, 3, 4, 6, 5, 4, 6, 5, 4, 3, 5, 6, 3, 4, 3, 5, 5, 3, 6, 4, 4, 6, 6, 4, 3, 6, 4, 6, 4, 5, 6, 6, 3, 5, 4, 5, 5, 4, 5, 5, 5, 5, 5, 4, 6, 5, 3, 3, 5, 5, 5, 4, 4, 5, 6, 6, 5, 6, 4, 6, 5, 4, 6, 6, 5, 3, 4, 4, 6, 6, 4, 3, 3, 5, 3, 5, 4, 5, 4, 4, 3, 3, 3, 6, 3, 4, 3, 4, 3, 6, 5, 3, 3, 5, 6, 6, 6, 6, 3, 4, 6, 3, 3, 4, 5, 4, 3, 5, 6, 3, 5, 3, 6, 3, 3, 6, 4, 5, 6, 6, 4, 4, 6, 4, 5, 6, 5, 5, 6, 5, 4, 6, 6, 4, 6, 5, 5, 3, 6, 5, 5, 6, 6, 6, 5, 3, 3, 6, 3, 3, 4, 5, 6, 4, 5, 6, 6, 5, 6, 4, 4, 5, 5, 6, 6, 5, 5, 5, 5, 5, 3, 3, 5, 4, 3, 4, 5, 3, 6, 3, 6, 5, 6, 5, 4, 4, 5, 3, 5, 4, 5, 5, 5, 4, 3, 3, 4, 3, 5, 4, 4, 3, 3, 3, 4, 3, 4, 5, 4, 3, 5, 6, 4, 4, 5]=
=[68, 144, 260]; 
:[4, 5, 4, 5, 6, 6, 6, 6, 4, 4, 3, 6, 3, 6, 3, 4, 6, 3, 3, 5, 4, 3, 4, 6, 5, 4, 4, 4, 3, 4, 3, 6, 6, 5, 5, 5, 3, 3, 4, 6, 5, 3, 5, 5, 4, 6, 3, 4, 5, 5, 6, 3, 5, 3, 3, 3, 6, 4, 4, 4, 4, 4, 3, 6, 6, 6, 6, 5, 5, 6, 4, 4, 3, 5, 6, 6, 5, 6, 6, 6, 3, 5, 4, 6, 6, 5, 5, 5, 5, 5, 5, 6, 3, 3, 3, 3, 4, 3, 3, 6, 4, 5, 6, 4, 4, 5, 3, 3, 3, 4, 4, 4, 6, 4, 5, 3, 3, 5, 3, 3, 4, 5, 5, 6, 3, 6, 3, 5, 3, 6, 4, 5, 6, 6, 5, 4, 6, 4, 4, 4, 4, 4, 5, 3, 6, 6, 3, 3, 3, 3, 3, 5, 5, 5, 4, 4, 6, 6, 3, 3, 4, 5, 6, 4, 3, 5, 4, 4, 5, 5, 3, 4, 6, 3, 3, 5, 5, 3, 3, 3, 6, 4, 5, 6, 3, 6, 5, 4, 3, 6, 3, 6, 3, 3, 6, 6, 3, 6, 3, 5, 5, 5, 5, 6, 4, 3, 4, 4, 4, 6, 5, 3, 6, 5, 6, 3, 6, 3, 5, 4, 5, 3, 5, 3, 3, 5, 4, 3, 4, 6, 6, 6, 4, 3, 6, 4, 3, 3, 3, 6, 5, 6, 6, 3, 4, 3, 6, 4, 5, 3, 5, 6, 6, 3, 5, 3, 4, 6, 4, 3, 6, 5, 4, 3, 4, 3, 3, 4, 4, 4, 6, 5, 6, 3, 3, 5, 6, 6, 3, 6, 5, 3, 5, 6, 5, 4, 3, 4, 6, 6, 6, 4, 5, 6, 5, 5, 3, 6, 6, 3, 5, 5, 6, 6, 4, 4, 6, 4, 4, 5, 5, 3, 3, 6, 4, 4, 5, 3, 3, 3, 6, 4, 4, 5, 5, 6, 3, 5, 4, 4, 3, 4, 3, 5, 4, 3, 4, 6, 5, 6, 3, 4, 4, 5, 6, 5, 4, 4, 6, 3, 6, 4, 3, 4, 5, 6, 5, 6, 4, 6]=
=[79, 207, 182]; 
:[3, 6, 3, 6, 6, 5, 6, 4, 5, 5, 3, 3, 6, 3, 4, 5, 3, 6, 3, 6, 5, 6, 3, 5, 4, 3, 3, 3, 5, 4, 6, 3, 6, 3, 5, 4, 6, 4, 4, 4, 6, 5, 6, 4, 3, 3, 5, 3, 5, 3, 6, 4, 5, 4, 3, 3, 6, 6, 3, 3, 5, 4, 3, 5, 3, 3, 3, 6, 5, 3, 4, 3, 6, 3, 3, 5, 5, 6, 4, 3, 4, 5, 6, 3, 4, 5, 5, 3, 5, 6, 5, 6, 3, 4, 4, 3, 5, 3, 6, 6, 3, 3, 5, 3, 6, 6, 4, 6, 5, 6, 5, 3, 6, 3, 4, 4, 6, 5, 3, 4, 4, 3, 6, 6, 6, 6, 4, 3, 4, 4, 4, 4, 4, 3, 5, 3, 4, 3, 4, 6, 5, 3, 5, 3, 3, 6, 6, 3, 5, 6, 6, 3, 3, 4, 6, 5, 6, 6, 3, 6, 3, 6, 6, 3, 3, 6, 4, 6, 5, 5, 4, 6, 4, 6, 6, 3, 6, 6, 4, 4, 4, 6, 4, 3, 5, 4, 5, 5, 3, 5, 3, 3, 4, 4, 6, 3, 5, 6, 4, 4, 3, 3, 3, 4, 5, 6, 5, 6, 4, 5, 4, 6, 3, 3, 6, 4, 5, 3, 4, 4, 5, 5, 6, 3, 5, 6, 3, 3, 6, 4, 5, 3, 3, 3, 3, 4, 4, 5, 4, 5, 4, 6, 4, 3, 3, 4, 4, 3, 6, 3, 4, 3, 6, 5, 5, 6, 5, 5, 5, 3, 5, 4, 5, 3, 4, 6, 3, 4, 3, 6, 6, 5, 5, 4, 6, 5, 4, 4, 5, 4, 4, 5, 6, 3, 6, 3, 5, 4, 6, 4, 6, 4, 5, 4, 5, 3, 5, 3, 3, 5, 3, 4, 4, 6, 4, 5, 4, 5, 3, 4, 3, 6, 3, 3, 6, 6, 6, 3, 6, 5, 3, 5, 5, 5, 5, 4, 3, 3, 4, 3, 5, 3, 6, 6, 6, 6, 3, 3, 5, 4, 4, 4, 5, 5, 6, 6, 5, 4, 3, 4, 4, 6, 3, 5, 4, 5, 4, 3, 4, 5]=
=[141, 75, 208]; 
:[4, 6, 5, 6, 3, 6, 4, 3, 3, 6, 4, 5, 4, 4, 4, 3, 4, 3, 6, 3, 5, 6, 3, 5, 4, 4, 3, 6, 6, 3, 5, 6, 6, 6, 4, 5, 5, 3, 3, 3, 5, 5, 6, 3, 3, 6, 6, 4, 4, 5, 5, 3, 4, 6, 5, 3, 3, 5, 5, 3, 6, 6, 5, 4, 3, 6, 6, 6, 6, 5, 6, 6, 4, 6, 6, 4, 6, 5, 3, 6, 4, 3, 6, 5, 6, 3, 6, 3, 5, 5, 6, 3, 5, 5, 3, 3, 5, 4, 6, 5, 4, 4, 5, 3, 5, 4, 4, 3, 4, 5, 4, 3, 6, 3, 4, 5, 4, 4, 5, 4, 5, 5, 3, 3, 4, 4, 6, 5, 5, 6, 6, 5, 5, 6, 4, 3, 5, 3, 3, 4, 6, 4, 3, 6, 5, 5, 5, 3, 4, 4, 6, 5, 3, 4, 5, 5, 3, 6, 5, 4, 6, 5, 6, 6, 3, 6, 3, 5, 4, 6, 6, 3, 3, 4, 6, 6, 6, 3, 6, 4, 6, 4, 5, 5, 6, 4, 3, 6, 4, 6, 5, 4, 3, 3, 4, 5, 3, 6, 3, 6, 4, 6, 3, 3, 6, 5, 5, 3, 3, 6, 6, 4, 4, 4, 6, 3, 4, 5, 3, 6, 5, 3, 4, 6, 3, 4, 3, 5, 3, 5, 3, 3, 4, 3, 3, 3, 6, 5, 5, 5, 5, 3, 6, 4, 6, 5, 5, 6, 3, 6, 4, 6, 5, 4, 3, 5, 5, 3, 3, 5, 6, 3, 6, 6, 4, 3, 5, 6, 3, 5, 6, 5, 4, 5, 5, 4, 4, 6, 3, 4, 3, 5, 6, 3, 5, 6, 3, 4, 4, 4, 6, 6, 3, 5, 3, 3, 5, 6, 5, 4, 6, 4, 6, 6, 4, 6, 4, 4, 5, 4, 6, 3, 6, 6, 4, 6, 4, 5, 4, 4, 6, 3, 4, 6, 5, 3, 3, 4, 4, 4, 6, 5, 5, 6, 6, 4, 3, 3, 3, 5, 5, 4, 5, 4, 4, 3, 5, 5, 4, 4, 3, 3, 6, 6, 4, 5, 5, 4, 3, 3]=
=[326, 141, 31]; 
:[6, 3, 5, 4, 4, 4, 3, 3, 6, 3, 5, 6, 6, 6, 4, 4, 5, 4, 3, 5, 5, 6, 5, 4, 4, 3, 4, 5, 3, 3, 5, 3, 4, 4, 4, 4, 4, 3, 5, 4, 5, 3, 3, 5, 6, 4, 4, 3, 5, 3, 5, 6, 6, 4, 5, 3, 5, 6, 5, 5, 6, 6, 4, 4, 3, 5, 6, 4, 5, 5, 4, 3, 6, 4, 3, 6, 3, 4, 6, 4, 3, 6, 5, 4, 3, 6, 3, 5, 4, 3, 3, 3, 6, 3, 4, 5, 3, 3, 6, 5, 6, 5, 3, 6, 4, 3, 5, 4, 6, 5, 3, 4, 6, 3, 6, 5, 4, 5, 4, 4, 4, 3, 4, 4, 6, 4, 6, 3, 4, 4, 6, 4, 6, 6, 5, 4, 3, 5, 6, 4, 6, 6, 5, 3, 5, 6, 6, 3, 3, 4, 3, 5, 6, 3, 6, 4, 4, 4, 4, 3, 6, 6, 5, 4, 6, 3, 4, 6, 4, 3, 4, 5, 5, 6, 5, 6, 4, 6, 3, 5, 5, 3, 5, 4, 4, 4, 6, 4, 3, 5, 4, 6, 6, 6, 6, 3, 5, 5, 5, 5, 5, 5, 6, 6, 3, 5, 4, 6, 4, 4, 6, 4, 6, 3, 5, 4, 6, 4, 3, 5, 3, 6, 5, 4, 5, 6, 5, 6, 6, 5, 3, 5, 4, 6, 6, 6, 6, 5, 3, 4, 3, 5, 3, 3, 6, 4, 3, 5, 6, 3, 6, 3, 6, 4, 3, 3, 6, 5, 4, 5, 4, 5, 4, 4, 4, 6, 5, 3, 5, 4, 6, 4, 6, 6, 4, 5, 3, 6, 6, 5, 3, 3, 3, 4, 6, 3, 3, 3, 3, 3, 5, 5, 5, 6, 3, 5, 6, 3, 6, 3, 3, 3, 3, 5, 4, 6, 5, 6, 4, 4, 3, 4, 4, 4, 3, 5, 3, 6, 4, 4, 6, 3, 5, 6, 6, 6, 5, 4, 3, 5, 6, 5, 5, 6, 4, 5, 6, 3, 5, 4, 5, 5, 6, 4, 6, 6, 4, 5, 3, 3, 3, 3, 6, 5, 5, 4, 6, 5, 3, 6]=
=[48, 113, 256]; 
:[4, 5, 5, 4, 3, 3, 3, 4, 4, 5, 4, 3, 4, 5, 4, 3, 5, 4, 6, 6, 6, 6, 3, 6, 5, 3, 5, 4, 4, 4, 5, 5, 5, 3, 6, 6, 4, 3, 3, 3, 5, 6, 3, 3, 5, 3, 3, 4, 3, 6, 4, 6, 5, 4, 3, 6, 5, 5, 3, 5, 6, 6, 3, 6, 4, 4, 4, 6, 4, 5, 6, 5, 5, 5, 6, 6, 4, 6, 3, 4, 5, 4, 6, 6, 6, 5, 3, 5, 3, 3, 3, 5, 3, 3, 3, 6, 4, 6, 3, 3, 6, 5, 5, 6, 4, 3, 3, 5, 4, 3, 3, 5, 6, 6, 3, 4, 4, 4, 3, 3, 4, 3, 6, 3, 3, 3, 5, 6, 6, 3, 4, 6, 3, 3, 4, 4, 4, 6, 6, 5, 3, 4, 5, 4, 5, 5, 3, 6, 5, 3, 5, 5, 3, 6, 5, 4, 6, 6, 5, 3, 6, 6, 4, 5, 4, 3, 3, 3, 3, 6, 5, 3, 3, 3, 5, 6, 3, 6, 4, 3, 5, 4, 4, 3, 3, 3, 4, 4, 3, 5, 5, 5, 4, 3, 5, 5, 3, 3, 3, 4, 5, 3, 6, 3, 3, 3, 4, 6, 6, 3, 3, 6, 6, 4, 3, 6, 6, 3, 5, 3, 4, 5, 3, 6, 6, 5, 4, 6, 3, 4, 3, 6, 4, 5, 5, 3, 6, 3, 4, 5, 4, 4, 6, 6, 5, 6, 6, 4, 6, 3, 5, 5, 4, 4, 4, 3, 4, 3, 3, 6, 4, 3, 4, 5, 5, 5, 3, 6, 6, 4, 5, 6, 5, 3, 4, 4, 5, 6, 3, 6, 3, 4, 5, 3, 3, 3, 6, 4, 3, 4, 5, 6, 3, 4, 4, 6, 6, 3, 3, 3, 5, 5, 3, 6, 4, 4, 5, 4, 4, 4, 5, 5, 3, 6, 3, 3, 6, 6, 3, 5, 3, 6, 5, 4, 3, 5, 6, 4, 6, 4, 4, 3, 6, 4, 5, 4, 4, 3, 3, 5, 5, 3, 3, 6, 6, 6, 6, 3, 4, 6, 3, 6, 4, 3, 6, 6, 6, 3, 6, 5]=
=[224, 126, 208]; 
:[6, 3, 4, 3, 3, 4, 5, 6, 4, 3, 3, 4, 4, 3, 5, 6, 3, 5, 4, 3, 3, 3, 3, 3, 3, 5, 6, 4, 6, 3, 4, 4, 6, 6, 3, 6, 5, 3, 4, 6, 6, 6, 4, 5, 5, 4, 5, 6, 3, 5, 3, 3, 4, 3, 6, 3, 6, 5, 5, 4, 5, 3, 3, 6, 6, 5, 3, 5, 5, 5, 5, 3, 3, 3, 4, 5, 4, 5, 4, 3, 6, 5, 4, 3, 6, 4, 3, 6, 6, 5, 3, 5, 6, 6, 4, 3, 6, 4, 5, 4, 3, 3, 5, 4, 6, 6, 4, 3, 3, 3, 6, 3, 4, 5, 6, 5, 6, 4, 4, 4, 5, 5, 3, 3, 3, 6, 3, 3, 3, 3, 3, 3, 5, 5, 3, 5, 6, 3, 5, 6, 4, 6, 3, 6, 6, 3, 6, 6, 6, 4, 6, 3, 3, 5, 6, 4, 5, 5, 5, 3, 5, 4, 4, 6, 3, 6, 4, 6, 6, 4, 4, 3, 6, 3, 3, 4, 4, 6, 5, 3, 4, 5, 4, 6, 5, 6, 5, 5, 4, 6, 3, 5, 4, 6, 6, 3, 5, 4, 5, 5, 5, 5, 6, 3, 3, 6, 3, 4, 4, 5, 4, 6, 6, 3, 4, 3, 6, 5, 6, 5, 4, 4, 6, 4, 3, 6, 4, 6, 6, 4, 3, 3, 4, 5, 4, 3, 5, 4, 3, 3, 3, 3, 5, 4, 3, 6, 4, 6, 5, 6, 5, 4, 3, 5, 6, 6, 6, 6, 4, 4, 6, 4, 3, 3, 6, 6, 4, 6, 6, 5, 4, 4, 4, 3, 6, 3, 3, 5, 5, 3, 4, 6, 3, 6, 5, 4, 6, 6, 5, 5, 6, 5, 3, 4, 3, 3, 3, 6, 4, 6, 4, 3, 5, 6, 5, 5, 4, 6, 3, 3, 6, 5, 4, 3, 4, 6, 5, 5, 3, 4, 5, 3, 6, 3, 3, 4, 4, 6, 3, 6, 4, 3, 6, 6, 3, 6, 3, 5, 3, 5, 4, 5, 4, 3, 5, 3, 4, 5, 4, 3, 6, 6, 3, 5, 3, 3, 6, 5, 5, 6]=
=[54, 198, 257]; 
:[3, 3, 6, 5, 6, 6, 5, 6, 5, 6, 5, 4, 6, 5, 3, 3, 5, 6, 5, 3, 3, 6, 4, 5, 4, 3, 6, 3, 3, 4, 6, 6, 6, 5, 5, 3, 3, 6, 6, 5, 5, 5, 3, 3, 4, 4, 5, 3, 4, 5, 5, 3, 3, 3, 4, 6, 6, 3, 6, 3, 4, 4, 6, 3, 5, 3, 4, 6, 5, 3, 3, 5, 3, 4, 6, 4, 5, 6, 3, 6, 6, 3, 4, 6, 5, 5, 6, 3, 3, 6, 3, 6, 6, 5, 3, 5, 5, 6, 4, 5, 4, 4, 5, 3, 6, 4, 5, 4, 5, 3, 6, 5, 3, 4, 6, 6, 5, 4, 4, 4, 3, 4, 3, 4, 6, 5, 3, 6, 4, 3, 6, 3, 4, 5, 6, 4, 5, 4, 3, 3, 3, 5, 6, 4, 3, 4, 3, 6, 6, 5, 4, 6, 6, 6, 4, 5, 6, 3, 3, 3, 3, 3, 3, 6, 4, 3, 5, 3, 6, 4, 5, 6, 3, 5, 3, 5, 4, 4, 6, 4, 5, 5, 6, 4, 5, 6, 3, 5, 6, 5, 3, 4, 5, 5, 4, 5, 4, 5, 3, 6, 4, 4, 3, 3, 4, 3, 3, 6, 4, 4, 6, 3, 5, 6, 4, 6, 3, 5, 4, 5, 6, 5, 5, 3, 6, 5, 4, 3, 6, 6, 4, 4, 3, 5, 3, 5, 4, 3, 3, 6, 5, 3, 3, 4, 5, 6, 6, 4, 4, 3, 6, 3, 4, 3, 4, 3, 3, 6, 4, 4, 4, 5, 3, 6, 4, 3, 6, 5, 6, 4, 5, 6, 5, 6, 4, 5, 4, 4, 3, 5, 5, 4, 3, 6, 4, 4, 4, 4, 4, 6, 6, 6, 4, 4, 3, 5, 3, 5, 4, 6, 6, 4, 6, 4, 3, 5, 3, 6, 6, 6, 3, 3, 6, 4, 6, 6, 4, 5, 3, 3, 6, 3, 4, 5, 5, 4, 5, 6, 5, 6, 3, 4, 3, 4, 4, 6, 6, 5, 6, 3, 5, 4, 4, 6, 6, 4, 6, 4, 6, 6, 4, 6, 5, 3, 5, 4, 5, 3, 3, 4]=
=[256, 32, 262]; 
:[4, 6, 4, 6, 3, 6, 4, 4, 4, 4, 3, 6, 4, 3, 5, 6, 6, 5, 6, 3, 6, 4, 6, 3, 6, 4, 5, 6, 4, 6, 6, 3, 5, 3, 4, 3, 3, 6, 3, 5, 6, 5, 5, 3, 3, 5, 6, 6, 3, 4, 6, 6, 5, 6, 4, 3, 3, 6, 3, 5, 3, 4, 3, 4, 5, 3, 5, 5, 3, 5, 5, 5, 4, 3, 6, 5, 3, 3, 5, 3, 6, 5, 5, 6, 3, 6, 3, 5, 3, 4, 5, 3, 4, 4, 4, 4, 6, 3, 5, 4, 3, 5, 6, 5, 5, 4, 6, 4, 6, 3, 3, 3, 3, 5, 3, 3, 5, 3, 4, 5, 6, 3, 4, 4, 4, 3, 3, 3, 6, 3, 3, 5, 3, 6, 3, 4, 4, 6, 4, 4, 6, 5, 5, 4, 6, 4, 4, 6, 3, 6, 6, 3, 4, 3, 4, 6, 5, 6, 6, 5, 4, 4, 5, 3, 6, 6, 4, 4, 4, 4, 5, 6, 6, 5, 3, 3, 4, 5, 3, 6, 5, 3, 5, 5, 6, 4, 5, 5, 5, 4, 6, 4, 5, 5, 5, 5, 4, 6, 6, 5, 3, 5, 5, 4, 4, 6, 5, 3, 6, 4, 4, 6, 4, 6, 6, 5, 4, 3, 5, 4, 5, 4, 3, 6, 6, 6, 5, 4, 5, 5, 3, 3, 3, 5, 5, 3, 3, 4, 4, 5, 5, 3, 4, 6, 5, 3, 4, 3, 6, 4, 6, 4, 6, 5, 4, 3, 5, 6, 6, 4, 4, 4, 5, 4, 4, 3, 3, 6, 4, 6, 5, 6, 6, 4, 5, 3, 6, 3, 6, 5, 6, 3, 4, 5, 3, 6, 4, 5, 6, 5, 3, 5, 4, 4, 5, 6, 3, 4, 3, 6, 5, 5, 4, 5, 3, 5, 3, 5, 6, 3, 3, 3, 3, 4, 3, 3, 6, 5, 4, 3, 5, 5, 4, 4, 6, 3, 5, 3, 6, 4, 6, 3, 4, 3, 3, 4, 6, 4, 3, 3, 5, 6, 4, 3, 4, 6, 3, 3, 3, 5, 3, 5, 6, 5, 5, 4, 3, 6, 5, 4]=
=[124, 292, 126]; 
:[5, 3, 4, 3, 3, 3, 6, 4, 4, 4, 4, 3, 4, 3, 5, 6, 4, 6, 3, 3, 3, 3, 6, 5, 3, 3, 6, 4, 4, 3, 5, 4, 6, 4, 6, 3, 6, 5, 5, 3, 3, 3, 3, 6, 6, 5, 4, 3, 3, 4, 5, 3, 4, 5, 3, 6, 3, 3, 4, 3, 5, 5, 6, 6, 5, 4, 6, 6, 4, 6, 6, 4, 3, 4, 6, 6, 3, 3, 4, 5, 3, 3, 5, 4, 4, 3, 5, 3, 3, 3, 4, 5, 5, 4, 3, 5, 5, 3, 5, 5, 4, 5, 5, 3, 3, 4, 3, 3, 6, 5, 5, 5, 6, 4, 6, 3, 3, 6, 4, 5, 5, 4, 4, 6, 5, 5, 3, 6, 3, 6, 4, 5, 3, 6, 4, 4, 6, 6, 6, 6, 6, 5, 4, 5, 3, 5, 5, 6, 6, 6, 4, 4, 4, 3, 5, 6, 4, 3, 4, 5, 6, 5, 5, 3, 5, 5, 4, 3, 4, 5, 4, 5, 3, 6, 5, 5, 4, 3, 6, 5, 4, 3, 4, 4, 6, 4, 5, 5, 4, 4, 5, 6, 6, 4, 3, 5, 6, 5, 3, 3, 5, 5, 4, 3, 6, 4, 3, 6, 5, 5, 3, 6, 6, 6, 3, 4, 6, 3, 6, 3, 3, 5, 5, 4, 6, 6, 5, 4, 6, 5, 5, 3, 4, 3, 4, 6, 5, 3, 3, 3, 4, 6, 4, 4, 5, 5, 5, 6, 5, 5, 3, 6, 3, 4, 6, 5, 6, 3, 5, 3, 3, 6, 4, 3, 5, 5, 6, 4, 5, 4, 4, 5, 3, 5, 3, 4, 6, 6, 6, 6, 4, 4, 5, 5, 3, 5, 3, 6, 6, 5, 6, 3, 6, 4, 6, 5, 4, 5, 5, 4, 6, 3, 3, 5, 4, 5, 4, 5, 6, 6, 6, 6, 3, 5, 4, 6, 3, 4, 5, 6, 6, 5, 5, 4, 5, 6, 5, 4, 4, 5, 6, 6, 5, 4, 6, 5, 5, 6, 6, 5, 3, 6, 6, 6, 5, 4, 3, 5, 4, 3, 5, 6, 6, 6, 3, 4, 3, 5, 3, 3]=
=[295, 35, 179]; 
:[5, 4, 6, 5, 4, 5, 5, 3, 6, 4, 3, 6, 3, 3, 6, 4, 3, 5, 5, 6, 3, 3, 3, 5, 3, 4, 5, 5, 5, 3, 3, 6, 5, 3, 4, 3, 3, 6, 3, 3, 5, 5, 4, 6, 4, 6, 5, 4, 5, 5, 4, 5, 5, 4, 5, 4, 6, 4, 5, 5, 6, 5, 4, 4, 4, 4, 5, 3, 5, 5, 3, 5, 6, 3, 5, 5, 4, 5, 3, 6, 4, 5, 4, 4, 5, 3, 3, 3, 5, 3, 5, 3, 4, 3, 5, 3, 3, 3, 4, 4, 3, 4, 4, 5, 6, 3, 3, 3, 6, 3, 5, 6, 3, 6, 5, 6, 3, 5, 3, 3, 3, 3, 3, 6, 3, 5, 3, 3, 6, 5, 5, 3, 3, 4, 3, 3, 6, 6, 6, 4, 4, 4, 3, 4, 4, 3, 5, 4, 3, 3, 4, 6, 5, 6, 3, 5, 5, 5, 6, 5, 4, 4, 6, 3, 3, 5, 3, 6, 3, 6, 4, 5, 4, 6, 3, 3, 4, 5, 3, 3, 5, 6, 5, 3, 6, 3, 6, 6, 3, 3, 4, 5, 4, 6, 5, 4, 3, 4, 6, 4, 3, 3, 5, 5, 3, 6, 3, 6, 4, 4, 3, 3, 4, 3, 3, 6, 5, 4, 6, 6, 4, 3, 4, 4, 4, 5, 6, 4, 3, 5, 4, 6, 3, 4, 4, 4, 4, 3, 4, 5, 6, 5, 3, 4, 3, 6, 5, 5, 4, 5, 5, 6, 3, 5, 6, 4, 4, 6, 3, 5, 5, 6, 5, 6, 3, 4, 4, 4, 3, 3, 6, 4, 6, 4, 5, 3, 4, 3, 5, 5, 4, 3, 5, 4, 5, 6, 6, 3, 5, 4, 4, 5, 5, 6, 5, 5, 4, 3, 5, 6, 6, 6, 5, 4, 5, 6, 6, 5, 3, 4, 5, 3, 5, 5, 3, 6, 6, 6, 4, 6, 3, 4, 6, 4, 4, 4, 3, 4, 5, 6, 5, 3, 4, 6, 5, 3, 3, 3, 5, 3, 5, 3, 4, 6, 5, 5, 6, 3, 6, 5, 6, 4, 4, 6, 3, 5, 4, 4, 5, 5]=
=[180, 184, 149]; 
:[6, 5, 5, 4, 4, 6, 3, 3, 5, 3, 4, 3, 6, 3, 3, 5, 3, 3, 6, 5, 3, 3, 5, 6, 4, 5, 5, 4, 3, 5, 5, 5, 3, 6, 3, 3, 4, 4, 4, 3, 6, 4, 6, 3, 5, 3, 5, 5, 6, 4, 3, 6, 4, 6, 4, 4, 5, 5, 3, 5, 5, 4, 3, 4, 5, 3, 6, 4, 5, 4, 5, 5, 3, 3, 6, 6, 5, 4, 6, 5, 4, 6, 4, 6, 5, 4, 4, 6, 4, 4, 3, 5, 6, 5, 4, 6, 5, 6, 6, 3, 4, 5, 5, 4, 3, 6, 4, 4, 4, 3, 6, 6, 5, 6, 5, 6, 5, 3, 6, 3, 6, 5, 3, 5, 5, 5, 5, 4, 4, 4, 4, 5, 5, 3, 4, 4, 3, 4, 4, 5, 6, 6, 5, 5, 5, 5, 5, 5, 5, 5, 3, 3, 5, 3, 6, 3, 4, 5, 3, 3, 3, 5, 6, 4, 6, 5, 6, 4, 3, 4, 3, 4, 4, 3, 5, 3, 5, 3, 3, 4, 6, 4, 3, 6, 4, 6, 4, 6, 4, 3, 4, 3, 6, 3, 5, 3, 6, 4, 6, 6, 6, 6, 5, 6, 5, 3, 4, 3, 5, 4, 5, 6, 5, 3, 4, 6, 6, 5, 3, 3, 5, 3, 4, 3, 4, 6, 5, 3, 5, 6, 4, 6, 5, 6, 4, 3, 6, 6, 5, 5, 6, 3, 4, 6, 4, 3, 3, 3, 4, 6, 5, 6, 3, 3, 4, 5, 6, 5, 5, 3, 3, 5, 3, 4, 6, 6, 4, 4, 4, 6, 3, 3, 5, 5, 4, 3, 6, 4, 3, 6, 3, 5, 3, 3, 6, 4, 6, 4, 6, 4, 3, 3, 5, 3, 5, 3, 4, 6, 4, 4, 5, 6, 4, 4, 5, 6, 5, 4, 4, 3, 3, 3, 3, 4, 4, 5, 4, 3, 4, 3, 6, 3, 3, 4, 4, 3, 4, 5, 4, 5, 4, 6, 4, 6, 4, 5, 6, 5, 3, 5, 5, 3, 4, 4, 4, 3, 3, 6, 5, 3, 5, 4, 5, 3, 3, 3, 6, 5, 4, 6]=
=[145, 273, 195]; 
:[3, 5, 4, 6, 6, 3, 6, 4, 4, 6, 5, 6, 3, 4, 4, 6, 4, 5, 5, 3, 3, 5, 4, 5, 5, 4, 5, 3, 6, 4, 5, 3, 5, 4, 4, 5, 3, 6, 6, 5, 4, 4, 5, 5, 6, 3, 6, 5, 3, 3, 6, 5, 4, 3, 3, 6, 3, 6, 5, 3, 5, 5, 3, 4, 3, 5, 3, 5, 5, 6, 3, 5, 4, 6, 4, 4, 3, 4, 6, 4, 5, 3, 5, 4, 3, 3, 3, 3, 4, 5, 6, 6, 3, 3, 5, 6, 3, 3, 3, 5, 6, 3, 6, 4, 5, 5, 5, 5, 3, 5, 3, 4, 5, 6, 3, 6, 6, 6, 6, 6, 3, 5, 5, 3, 5, 5, 5, 6, 3, 6, 4, 6, 3, 4, 5, 4, 6, 5, 4, 5, 5, 6, 4, 6, 3, 6, 4, 3, 4, 6, 4, 5, 4, 6, 6, 6, 3, 5, 4, 6, 6, 5, 6, 6, 5, 5, 4, 5, 4, 5, 5, 4, 6, 3, 3, 6, 4, 4, 3, 4, 5, 3, 3, 6, 3, 3, 3, 6, 6, 5, 5, 4, 5, 3, 3, 5, 6, 5, 6, 4, 3, 6, 4, 4, 6, 3, 5, 5, 5, 5, 3, 5, 5, 5, 6, 6, 6, 5, 4, 3, 5, 4, 4, 4, 4, 5, 6, 4, 6, 6, 5, 5, 4, 6, 5, 3, 3, 4, 4, 6, 5, 4, 4, 4, 3, 6, 4, 3, 4, 5, 3, 5, 3, 5, 5, 4, 6, 4, 5, 3, 5, 4, 5, 3, 4, 6, 6, 5, 6, 6, 5, 4, 5, 5, 3, 6, 4, 6, 4, 6, 6, 4, 6, 5, 5, 6, 4, 4, 3, 4, 4, 5, 4, 3, 3, 4, 4, 5, 5, 4, 5, 6, 4, 3, 4, 4, 6, 5, 5, 3, 3, 3, 3, 3, 3, 3, 6, 4, 3, 5, 3, 5, 5, 4, 4, 4, 5, 4, 4, 3, 6, 3, 6, 5, 3, 3, 4, 6, 6, 6, 6, 5, 3, 4, 4, 5, 3, 3, 4, 6, 5, 4, 4, 6, 5, 3, 5, 5, 6, 3]=
=[163, 284, 152]; 
:[4, 3, 6, 4, 3, 5, 5, 5, 6, 4, 4, 5, 4, 6, 6, 3, 5, 5, 3, 6, 4, 5, 6, 4, 3, 3, 5, 6, 5, 6, 6, 4, 6, 4, 4, 6, 3, 6, 6, 5, 5, 3, 5, 4, 5, 4, 5, 4, 6, 4, 5, 3, 5, 5, 5, 6, 3, 5, 3, 4, 4, 3, 3, 6, 4, 3, 5, 4, 4, 5, 6, 6, 3, 5, 4, 6, 6, 3, 6, 6, 4, 6, 3, 5, 6, 4, 3, 6, 4, 4, 3, 4, 6, 5, 4, 5, 6, 4, 4, 6, 6, 5, 4, 5, 5, 5, 3, 3, 5, 3, 3, 4, 6, 3, 5, 5, 3, 5, 3, 3, 3, 3, 6, 5, 6, 5, 6, 3, 3, 4, 3, 5, 5, 3, 4, 5, 6, 4, 4, 3, 3, 3, 3, 5, 5, 5, 4, 6, 4, 3, 4, 3, 4, 5, 4, 4, 6, 4, 4, 6, 6, 4, 4, 3, 6, 3, 6, 3, 3, 6, 5, 4, 4, 4, 3, 5, 4, 4, 4, 5, 5, 4, 3, 3, 3, 3, 5, 4, 5, 3, 6, 4, 5, 6, 6, 4, 5, 3, 4, 3, 6, 5, 3, 4, 3, 6, 3, 5, 3, 6, 5, 6, 4, 6, 5, 3, 3, 5, 4, 6, 6, 4, 5, 6, 6, 4, 6, 5, 3, 4, 5, 5, 5, 6, 6, 3, 4, 4, 5, 4, 5, 6, 6, 5, 6, 4, 6, 4, 3, 5, 3, 6, 6, 6, 4, 4, 6, 5, 4, 3, 3, 3, 3, 3, 4, 4, 5, 6, 6, 5, 6, 4, 4, 4, 3, 4, 3, 4, 3, 6, 6, 3, 6, 5, 6, 4, 5, 4, 5, 6, 3, 6, 5, 3, 3, 5, 4, 6, 3, 3, 4, 3, 5, 5, 6, 5, 5, 6, 6, 5, 5, 3, 5, 4, 3, 6, 3, 4, 5, 3, 6, 6, 3, 6, 6, 3, 5, 6, 5, 3, 5, 6, 6, 5, 4, 3, 6, 6, 5, 3, 3, 3, 4, 3, 6, 4, 5, 6, 3, 5, 3, 5, 3, 6, 6, 3, 5, 3, 5, 6]=
=[146, 2, 339]; 
:[3, 3, 4, 4, 4, 4, 6, 4, 3, 3, 6, 3, 4, 6, 3, 3, 6, 5, 4, 4, 5, 3, 3, 4, 5, 4, 4, 3, 4, 6, 4, 3, 5, 5, 4, 4, 3, 4, 3, 5, 3, 6, 4, 4, 3, 6, 3, 6, 6, 6, 5, 5, 5, 3, 5, 6, 3, 5, 5, 3, 5, 4, 5, 3, 3, 4, 5, 3, 5, 3, 6, 6, 3, 3, 6, 3, 4, 3, 6, 6, 6, 6, 4, 4, 6, 4, 6, 5, 3, 5, 6, 5, 6, 6, 4, 4, 5, 6, 4, 3, 6, 4, 6, 5, 6, 5, 3, 4, 6, 6, 3, 6, 4, 6, 4, 5, 4, 6, 3, 5, 3, 6, 3, 4, 6, 3, 6, 4, 6, 3, 3, 4, 3, 6, 6, 4, 5, 5, 6, 6, 6, 5, 4, 6, 4, 5, 3, 4, 4, 5, 5, 4, 5, 5, 3, 5, 5, 6, 3, 6, 5, 4, 4, 5, 5, 3, 3, 4, 6, 4, 3, 4, 3, 3, 5, 4, 3, 6, 4, 3, 3, 3, 6, 4, 5, 6, 6, 6, 4, 3, 4, 5, 3, 6, 5, 5, 6, 6, 5, 4, 5, 4, 4, 5, 5, 5, 3, 4, 3, 4, 3, 3, 6, 5, 6, 5, 5, 3, 4, 6, 3, 6, 5, 5, 3, 6, 4, 4, 5, 5, 6, 4, 3, 6, 6, 5, 4, 4, 3, 4, 5, 4, 4, 5, 3, 3, 5, 5, 6, 5, 6, 6, 6, 3, 5, 5, 4, 4, 3, 3, 6, 3, 6, 4, 6, 5, 5, 4, 5, 3, 4, 5, 5, 3, 5, 6, 3, 4, 6, 5, 3, 6, 3, 6, 5, 6, 3, 5, 5, 3, 4, 6, 5, 5, 4, 5, 6, 4, 4, 5, 6, 4, 4, 6, 6, 3, 4, 6, 5, 5, 5, 3, 6, 3, 3, 5, 6, 4, 3, 4, 4, 3, 6, 5, 5, 3, 6, 6, 6, 3, 5, 6, 5, 6, 3, 5, 5, 5, 6, 4, 4, 4, 4, 6, 6, 3, 3, 6, 4, 5, 4, 3, 5, 6, 3, 4, 5, 5, 5, 3]=
=[163, 116, 349]; 
:[5, 6, 3, 5, 5, 6, 6, 3, 3, 5, 3, 4, 6, 6, 3, 3, 5, 4, 3, 3, 5, 4, 5, 6, 6, 5, 6, 6, 5, 5, 4, 4, 3, 4, 5, 5, 6, 4, 4, 3, 4, 4, 6, 5, 4, 5, 4, 6, 5, 5, 4, 3, 6, 4, 6, 5, 3, 4, 6, 5, 4, 3, 5, 6, 6, 4, 5, 6, 3, 6, 6, 5, 5, 3, 4, 5, 5, 4, 3, 4, 4, 3, 6, 6, 3, 5, 3, 6, 3, 5, 6, 5, 3, 5, 4, 3, 4, 6, 6, 6, 6, 5, 3, 6, 3, 6, 3, 5, 6, 5, 3, 5, 3, 4, 4, 4, 5, 6, 6, 3, 4, 3, 6, 4, 4, 5, 4, 4, 4, 3, 5, 4, 4, 6, 3, 5, 3, 4, 6, 5, 4, 4, 6, 6, 5, 5, 6, 4, 4, 6, 5, 4, 3, 3, 5, 3, 4, 5, 4, 4, 3, 5, 5, 3, 3, 3, 5, 6, 5, 4, 5, 5, 4, 4, 6, 3, 3, 5, 6, 5, 5, 4, 3, 5, 6, 6, 3, 3, 4, 6, 6, 5, 5, 3, 5, 3, 5, 4, 4, 3, 5, 6, 4, 6, 5, 5, 3, 4, 4, 6, 3, 4, 3, 4, 4, 4, 6, 3, 4, 6, 5, 4, 5, 3, 3, 4, 6, 6, 6, 3, 3, 3, 3, 6, 3, 3, 5, 3, 3, 5, 4, 5, 3, 6, 3, 5, 3, 3, 5, 5, 3, 6, 6, 4, 6, 3, 3, 4, 6, 4, 6, 5, 4, 4, 3, 6, 5, 4, 5, 6, 6, 3, 4, 4, 4, 3, 6, 4, 5, 5, 6, 6, 6, 6, 6, 6, 3, 3, 6, 4, 5, 3, 3, 3, 4, 6, 5, 5, 3, 4, 5, 5, 5, 3, 6, 3, 4, 6, 3, 4, 6, 4, 5, 4, 4, 6, 3, 4, 6, 6, 3, 5, 6, 6, 4, 6, 4, 3, 6, 4, 5, 3, 5, 5, 3, 6, 4, 5, 5, 4, 3, 5, 6, 4, 4, 4, 5, 3, 5, 6, 5, 3, 6, 3, 3, 6, 3, 5, 4, 3]=
=[206, 246, 226]; 
:[5, 3, 3, 3, 5, 6, 4, 3, 6, 4, 6, 4, 4, 6, 3, 5, 5, 3, 5, 6, 5, 5, 4, 5, 6, 5, 4, 4, 3, 3, 4, 6, 5, 5, 4, 3, 3, 6, 4, 6, 5, 4, 3, 6, 4, 6, 3, 4, 6, 5, 6, 5, 6, 4, 3, 5, 5, 6, 5, 5, 6, 6, 3, 3, 6, 4, 5, 4, 6, 3, 5, 6, 3, 6, 6, 3, 5, 3, 3, 3, 3, 4, 6, 4, 6, 3, 5, 5, 3, 4, 4, 3, 6, 3, 6, 5, 3, 5, 5, 3, 4, 3, 3, 4, 6, 5, 5, 3, 6, 6, 6, 5, 5, 3, 6, 3, 5, 5, 4, 5, 5, 3, 4, 4, 3, 5, 6, 6, 3, 6, 6, 6, 5, 5, 6, 3, 6, 4, 4, 5, 4, 4, 3, 6, 4, 4, 4, 6, 5, 6, 6, 6, 4, 6, 6, 5, 3, 6, 6, 6, 6, 4, 3, 6, 3, 4, 5, 5, 5, 6, 6, 3, 6, 5, 6, 3, 3, 3, 4, 5, 3, 4, 4, 3, 6, 5, 6, 6, 4, 3, 5, 4, 3, 5, 4, 4, 5, 6, 6, 5, 6, 5, 6, 4, 6, 4, 6, 6, 5, 3, 3, 6, 4, 6, 4, 3, 5, 6, 5, 5, 5, 4, 6, 5, 6, 5, 6, 6, 5, 5, 3, 6, 5, 5, 5, 3, 3, 6, 3, 6, 6, 4, 5, 4, 4, 4, 6, 4, 4, 4, 5, 4, 5, 3, 5, 3, 5, 6, 4, 6, 5, 6, 3, 6, 3, 5, 6, 5, 3, 3, 3, 6, 4, 5, 6, 5, 3, 5, 5, 3, 6, 3, 5, 6, 6, 3, 6, 3, 5, 4, 4, 5, 5, 5, 3, 4, 5, 6, 3, 6, 4, 5, 5, 4, 4, 4, 6, 5, 6, 6, 4, 4, 4, 4, 5, 4, 5, 3, 5, 5, 6, 5, 3, 3, 4, 4, 3, 5, 5, 6, 3, 6, 3, 5, 5, 6, 5, 4, 4, 3, 5, 4, 5, 4, 3, 5, 5, 3, 4, 3, 6, 3, 6, 4, 3, 6, 4, 4, 6, 3]=
=[310, 216, 293]; 
:[3, 3, 4, 4, 3, 6, 4, 6, 5, 4, 6, 4, 5, 6, 5, 6, 6, 6, 3, 3, 5, 6, 4, 6, 6, 5, 6, 4, 3, 3, 3, 3, 6, 3, 4, 6, 4, 3, 5, 3, 4, 6, 3, 4, 3, 3, 4, 3, 6, 3, 6, 6, 5, 4, 5, 4, 3, 3, 5, 5, 3, 4, 5, 3, 4, 4, 6, 5, 3, 3, 5, 4, 5, 3, 4, 4, 3, 3, 6, 4, 4, 3, 6, 3, 6, 6, 3, 5, 4, 3, 3, 6, 6, 4, 6, 5, 6, 4, 3, 5, 4, 4, 6, 4, 6, 6, 6, 6, 5, 4, 5, 6, 6, 5, 3, 5, 6, 6, 5, 6, 3, 5, 4, 5, 4, 4, 5, 6, 3, 4, 6, 6, 6, 3, 6, 3, 6, 6, 3, 5, 5, 3, 4, 5, 4, 5, 6, 6, 5, 4, 6, 5, 3, 6, 6, 6, 5, 3, 4, 3, 3, 3, 3, 6, 5, 6, 6, 6, 6, 6, 6, 5, 3, 5, 5, 4, 5, 3, 5, 6, 4, 6, 3, 4, 5, 5, 5, 3, 5, 4, 3, 4, 4, 3, 3, 6, 4, 6, 5, 5, 4, 6, 6, 4, 5, 4, 3, 3, 5, 5, 5, 5, 4, 3, 5, 5, 6, 6, 5, 5, 3, 5, 5, 6, 6, 6, 3, 4, 5, 6, 6, 3, 5, 3, 5, 4, 5, 4, 4, 5, 4, 3, 6, 4, 5, 5, 3, 6, 6, 4, 6, 5, 4, 5, 6, 4, 3, 6, 4, 4, 5, 6, 5, 4, 4, 4, 6, 4, 5, 4, 3, 6, 4, 3, 4, 5, 5, 4, 6, 6, 5, 6, 4, 5, 6, 5, 5, 5, 4, 4, 3, 5, 6, 6, 4, 6, 5, 5, 6, 5, 4, 3, 3, 3, 6, 5, 3, 4, 3, 5, 5, 5, 4, 6, 6, 5, 4, 4, 6, 5, 5, 6, 3, 5, 6, 3, 4, 3, 4, 3, 4, 6, 4, 5, 6, 3, 5, 5, 5, 4, 4, 5, 3, 5, 6, 6, 4, 3, 6, 4, 4, 4, 4, 5, 4, 6, 3, 6, 3, 4]=
=[52, 313, 42]; 
:[4, 6, 5, 6, 6, 4, 5, 4, 5, 5, 6, 6, 6, 3, 3, 5, 6, 3, 4, 3, 3, 5, 4, 5, 4, 6, 3, 4, 6, 3, 5, 6, 4, 5, 5, 5, 5, 3, 3, 3, 5, 4, 3, 6, 5, 3, 6, 6, 4, 4, 6, 5, 5, 4, 5, 4, 5, 6, 3, 3, 5, 6, 3, 6, 3, 6, 3, 4, 4, 6, 5, 5, 4, 6, 3, 3, 3, 6, 3, 6, 5, 4, 4, 5, 6, 6, 3, 3, 6, 4, 3, 5, 6, 4, 3, 6, 3, 6, 5, 6, 6, 6, 6, 3, 6, 4, 6, 6, 4, 6, 6, 6, 4, 4, 5, 5, 4, 3, 6, 5, 4, 5, 5, 4, 5, 6, 4, 6, 3, 4, 6, 3, 5, 4, 5, 6, 5, 3, 6, 4, 4, 3, 3, 6, 3, 3, 4, 4, 3, 3, 6, 4, 4, 3, 3, 3, 4, 4, 5, 6, 3, 5, 3, 3, 5, 4, 6, 3, 6, 3, 4, 5, 4, 3, 4, 5, 3, 5, 6, 6, 5, 5, 5, 3, 5, 6, 4, 5, 3, 3, 6, 6, 3, 5, 5, 6, 3, 5, 3, 3, 3, 5, 3, 4, 4, 6, 5, 6, 4, 4, 6, 3, 4, 6, 5, 4, 5, 3, 4, 6, 6, 4, 6, 4, 6, 3, 6, 3, 4, 3, 3, 4, 6, 5, 5, 5, 3, 4, 6, 4, 4, 3, 4, 6, 3, 3, 6, 5, 5, 5, 4, 4, 5, 4, 3, 4, 6, 3, 4, 4, 3, 4, 6, 5, 6, 3, 6, 3, 6, 3, 4, 3, 4, 3, 5, 5, 3, 4, 3, 4, 4, 3, 5, 4, 3, 4, 5, 3, 4, 6, 3, 5, 5, 3, 5, 5, 4, 3, 6, 3, 3, 3, 5, 4, 6, 6, 4, 4, 4, 6, 5, 5, 5, 4, 6, 6, 6, 6, 6, 4, 5, 6, 3, 4, 3, 4, 3, 3, 5, 3, 6, 3, 6, 6, 6, 3, 3, 6, 5, 3, 6, 3, 4, 6, 5, 3, 5, 6, 5, 6, 4, 6, 3, 3, 4, 4, 4, 6, 6, 5]=
=[188, 76, 269]; 
:[4, 5, 4, 5, 4, 3, 4, 6, 5, 3, 5, 3, 5, 6, 5, 6, 6, 4, 3, 6, 6, 6, 3, 5, 5, 5, 5, 3, 3, 4, 3, 6, 6, 5, 3, 6, 4, 6, 3, 5, 3, 3, 6, 5, 3, 5, 6, 3, 4, 5, 3, 6, 5, 6, 3, 4, 4, 4, 4, 6, 3, 4, 3, 5, 3, 3, 6, 5, 4, 3, 6, 4, 5, 6, 5, 4, 5, 3, 3, 6, 5, 3, 4, 3, 3, 4, 3, 4, 6, 6, 5, 3, 6, 3, 5, 5, 6, 5, 4, 3, 3, 6, 6, 4, 4, 6, 5, 6, 5, 4, 3, 4, 6, 6, 4, 3, 3, 6, 5, 3, 6, 5, 5, 6, 3, 6, 3, 3, 6, 5, 4, 4, 6, 5, 6, 3, 4, 6, 3, 5, 6, 3, 6, 6, 6, 4, 3, 5, 6, 5, 3, 6, 6, 5, 6, 3, 4, 4, 3, 3, 4, 4, 3, 4, 4, 3, 3, 3, 3, 3, 5, 5, 6, 5, 6, 4, 4, 5, 3, 6, 4, 4, 3, 4, 4, 4, 6, 5, 5, 3, 3, 3, 4, 4, 4, 6, 3, 4, 4, 6, 6, 6, 6, 6, 6, 3, 4, 3, 4, 5, 5, 5, 5, 6, 4, 4, 6, 6, 3, 4, 6, 5, 4, 6, 6, 4, 3, 6, 3, 5, 6, 5, 4, 4, 6, 6, 4, 6, 3, 5, 3, 3, 4, 3, 5, 3, 5, 6, 6, 5, 5, 6, 3, 3, 6, 3, 4, 5, 3, 4, 3, 6, 5, 6, 6, 4, 3, 4, 4, 5, 3, 5, 3, 4, 4, 3, 4, 6, 4, 4, 6, 6, 6, 3, 4, 4, 5, 4, 3, 4, 4, 3, 3, 4, 6, 4, 4, 3, 5, 4, 3, 6, 6, 4, 4, 5, 3, 5, 3, 5, 6, 5, 6, 6, 5, 5, 6, 6, 4, 3, 6, 5, 4, 4, 5, 4, 6, 3, 6, 3, 4, 3, 5, 4, 4, 4, 5, 5, 4, 6, 3, 4, 5, 4, 6, 3, 3, 4, 5, 3, 4, 6, 6, 3, 6, 5, 4, 4, 5, 6]=
=[144, 244, 325]; 
:[4, 4, 3, 5, 5, 4, 4, 5, 4, 4, 6, 3, 3, 6, 3, 6, 4, 6, 4, 6, 4, 4, 4, 3, 6, 3, 6, 6, 3, 6, 3, 3, 4, 5, 6, 6, 6, 5, 4, 5, 3, 4, 4, 6, 4, 6, 5, 4, 4, 3, 5, 5, 5, 4, 5, 6, 4, 3, 3, 3, 4, 5, 5, 5, 4, 6, 4, 4, 4, 6, 3, 6, 4, 4, 5, 4, 4, 5, 6, 6, 6, 3, 3, 4, 5, 5, 6, 6, 6, 6, 4, 3, 5, 5, 3, 3, 5, 6, 6, 5, 3, 5, 5, 5, 3, 3, 3, 6, 6, 5, 6, 3, 6, 4, 6, 6, 4, 5, 6, 3, 5, 3, 4, 6, 4, 4, 4, 3, 6, 6, 6, 5, 3, 6, 4, 4, 5, 3, 4, 5, 5, 6, 6, 3, 3, 6, 6, 6, 6, 6, 5, 5, 3, 6, 3, 3, 4, 3, 3, 5, 5, 4, 5, 5, 3, 3, 6, 5, 5, 3, 3, 4, 5, 5, 5, 5, 3, 3, 5, 6, 4, 4, 5, 4, 5, 4, 4, 4, 3, 3, 6, 6, 3, 3, 5, 3, 6, 4, 5, 3, 4, 3, 4, 3, 4, 4, 3, 5, 3, 4, 4, 6, 6, 3, 6, 3, 5, 6, 3, 6, 4, 3, 3, 3, 6, 4, 6, 5, 6, 5, 4, 5, 6, 4, 6, 5, 4, 6, 5, 4, 6, 5, 5, 5, 6, 3, 3, 6, 5, 4, 4, 5, 6, 6, 6, 6, 3, 4, 4, 3, 4, 6, 4, 5, 6, 3, 6, 3, 4, 5, 6, 5, 6, 3, 3, 4, 4, 3, 4, 6, 3, 3, 3, 4, 5, 4, 6, 3, 5, 5, 6, 6, 5, 4, 4, 4, 3, 5, 3, 5, 6, 4, 6, 5, 3, 6, 5, 5, 3, 6, 5, 6, 4, 3, 6, 5, 3, 3, 6, 4, 5, 6, 6, 3, 3, 5, 3, 5, 6, 6, 3, 3, 5, 3, 4, 4, 4, 3, 5, 4, 5, 4, 6, 5, 6, 4, 5, 5, 3, 4, 5, 5, 5, 3, 3, 3, 6, 3, 3, 4]=
=[104, 359, 125]; 
:[5, 5, 4, 6, 4, 6, 4, 4, 6, 6, 4, 6, 3, 6, 4, 5, 5, 4, 3, 4, 4, 3, 5, 6, 6, 6, 4, 4, 5, 4, 3, 4, 4, 3, 5, 6, 6, 3, 3, 4, 5, 3, 5, 4, 6, 5, 3, 4, 6, 6, 3, 5, 5, 6, 6, 5, 3, 6, 6, 6, 5, 5, 4, 3, 6, 6, 6, 4, 3, 3, 6, 6, 4, 3, 3, 5, 5, 5, 3, 3, 3, 5, 3, 3, 4, 6, 5, 3, 6, 6, 3, 3, 6, 3, 6, 3, 5, 5, 3, 4, 4, 4, 3, 6, 5, 3, 3, 5, 5, 3, 5, 4, 3, 5, 3, 6, 3, 4, 6, 6, 3, 4, 5, 6, 4, 4, 4, 6, 5, 6, 5, 5, 5, 3, 4, 4, 6, 5, 5, 5, 4, 3, 5, 4, 3, 5, 3, 5, 6, 4, 4, 6, 4, 5, 5, 4, 4, 5, 6, 6, 4, 5, 4, 6, 4, 6, 5, 3, 5, 3, 3, 5, 3, 5, 5, 4, 5, 6, 6, 3, 5, 5, 4, 3, 4, 3, 5, 5, 4, 5, 5, 3, 5, 5, 6, 5, 6, 5, 3, 3, 3, 5, 6, 5, 5, 5, 6, 3, 3, 3, 5, 6, 4, 3, 4, 3, 3, 6, 3, 4, 5, 5, 4, 6, 4, 4, 4, 3, 6, 6, 4, 4, 4, 4, 3, 5, 4, 6, 3, 3, 5, 3, 4, 6, 3, 6, 3, 5, 3, 3, 4, 5, 4, 3, 5, 4, 5, 4, 6, 3, 6, 5, 3, 4, 6, 4, 6, 6, 5, 3, 3, 4, 6, 5, 5, 4, 5, 3, 4, 3, 6, 3, 3, 5, 3, 3, 5, 6, 5, 5, 5, 4, 3, 4, 6, 6, 4, 6, 3, 3, 6, 4, 5, 3, 3, 6, 5, 6, 5, 3, 6, 6, 6, 4, 5, 5, 6, 3, 4, 5, 4, 5, 4, 3, 3, 4, 4, 3, 6, 5, 6, 3, 5, 5, 6, 4, 4, 4, 4, 4, 3, 5, 3, 3, 4, 6, 4, 5, 3, 4, 4, 5, 4, 4, 5, 4, 4, 3, 6, 5]=
=[190, 238, 97]; 
:[3, 5, 6, 6, 4, 5, 3, 5, 4, 4, 3, 3, 4, 6, 4, 4, 3, 5, 3, 6, 6, 6, 3, 4, 4, 3, 6, 5, 3, 5, 6, 6, 4, 5, 5, 4, 6, 4, 3, 4, 3, 5, 6, 5, 3, 5, 3, 3, 5, 6, 4, 3, 4, 6, 5, 5, 5, 5, 5, 4, 3, 3, 5, 3, 3, 3, 4, 5, 4, 4, 4, 5, 5, 3, 3, 5, 4, 6, 6, 5, 5, 4, 5, 3, 3, 4, 5, 6, 4, 6, 6, 3, 3, 4, 3, 3, 4, 3, 6, 6, 6, 6, 4, 4, 3, 5, 4, 4, 5, 4, 6, 4, 4, 6, 4, 3, 3, 4, 5, 6, 5, 4, 4, 3, 5, 3, 4, 5, 6, 3, 4, 5, 6, 5, 6, 5, 3, 3, 5, 3, 6, 3, 5, 5, 6, 5, 5, 3, 5, 6, 4, 6, 5, 3, 5, 6, 5, 3, 6, 6, 4, 3, 6, 6, 5, 4, 4, 6, 5, 3, 4, 3, 4, 6, 6, 3, 4, 5, 5, 4, 3, 5, 4, 6, 6, 5, 6, 3, 4, 3, 4, 3, 5, 6, 6, 3, 6, 5, 5, 4, 3, 5, 3, 5, 6, 5, 3, 3, 5, 6, 4, 5, 5, 3, 4, 4, 6, 6, 6, 3, 5, 3, 3, 3, 6, 6, 6, 5, 6, 3, 5, 5, 4, 3, 6, 6, 3, 6, 5, 6, 6, 4, 5, 4, 4, 3, 4, 6, 6, 5, 6, 3, 6, 5, 5, 6, 6, 3, 4, 5, 3, 6, 5, 4, 6, 3, 6, 3, 5, 5, 3, 5, 6, 4, 5, 6, 4, 3, 5, 4, 6, 3, 5, 4, 4, 6, 3, 3, 5, 4, 5, 5, 3, 5, 3, 3, 5, 4, 3, 6, 3, 3, 4, 5, 6, 5, 3, 4, 5, 4, 5, 6, 6, 4, 3, 5, 3, 3, 6, 6, 4, 5, 4, 3, 4, 5, 6, 6, 6, 4, 3, 3, 5, 4, 3, 4, 3, 6, 6, 5, 6, 4, 5, 6, 6, 3, 4, 4, 5, 5, 3, 3, 5, 3, 5, 4, 4, 4, 5, 5]=
=[172, 343, 211]; 
:[3, 5, 3, 4, 5, 4, 3, 6, 5, 3, 3, 4, 6, 4, 3, 4, 3, 4, 4, 5, 6, 4, 4, 3, 6, 5, 4, 6, 3, 3, 4, 6, 6, 4, 3, 6, 6, 3, 4, 3, 6, 4, 6, 5, 6, 3, 6, 5, 4, 5, 5, 4, 4, 4, 3, 5, 6, 6, 5, 4, 6, 3, 3, 3, 4, 6, 6, 3, 5, 5, 3, 4, 3, 5, 6, 6, 4, 6, 5, 6, 3, 6, 3, 6, 6, 5, 3, 6, 5, 4, 4, 4, 5, 6, 6, 6, 5, 3, 3, 4, 4, 4, 3, 4, 4, 6, 5, 5, 6, 4, 5, 4, 6, 3, 6, 6, 4, 6, 6, 4, 5, 6, 6, 6, 5, 4, 5, 3, 4, 5, 6, 4, 3, 5, 5, 3, 5, 3, 3, 4, 5, 5, 5, 5, 4, 3, 5, 4, 6, 3, 5, 5, 3, 6, 6, 3, 6, 6, 4, 5, 6, 5, 5, 3, 4, 5, 3, 5, 3, 4, 3, 3, 5, 4, 6, 5, 6, 6, 3, 3, 4, 5, 4, 6, 4, 3, 6, 5, 6, 4, 4, 3, 6, 3, 5, 6, 5, 3, 6, 4, 5, 4, 5, 4, 5, 3, 3, 4, 6, 5, 4, 3, 5, 5, 4, 6, 5, 6, 6, 4, 3, 6, 4, 5, 4, 4, 6, 4, 5, 6, 5, 4, 3, 6, 6, 3, 5, 6, 6, 3, 4, 3, 6, 6, 3, 3, 4, 4, 5, 4, 3, 3, 6, 5, 3, 6, 4, 4, 3, 6, 5, 5, 4, 5, 4, 6, 6, 6, 5, 6, 6, 3, 3, 3, 5, 4, 3, 3, 5, 4, 4, 5, 4, 3, 4, 5, 6, 6, 4, 4, 4, 3, 4, 5, 5, 3, 5, 6, 6, 4, 4, 3, 3, 5, 5, 3, 5, 6, 6, 6, 5, 4, 3, 3, 4, 4, 4, 5, 4, 4, 6, 5, 4, 6, 3, 5, 4, 3, 4, 4, 3, 4, 6, 3, 6, 4, 6, 6, 4, 6, 5, 3, 5, 3, 3, 6, 3, 5, 5, 5, 5, 6, 5, 3, 3, 6, 6, 3, 4, 3]=
=[301, 145, 307]; 
:[3, 4, 5, 5, 5, 6, 6, 6, 3, 4, 3, 3, 4, 5, 5, 6, 5, 6, 3, 4, 6, 5, 4, 5, 6, 3, 6, 5, 4, 4, 4, 6, 5, 4, 4, 5, 3, 6, 6, 3, 5, 3, 3, 4, 4, 6, 5, 6, 3, 6, 3, 4, 5, 4, 3, 4, 6, 6, 4, 5, 6, 4, 3, 4, 6, 6, 6, 6, 5, 5, 5, 4, 6, 6, 5, 5, 6, 5, 5, 4, 6, 5, 6, 4, 3, 5, 4, 4, 4, 4, 6, 5, 6, 5, 3, 3, 5, 4, 5, 3, 5, 5, 3, 6, 4, 4, 6, 5, 6, 3, 3, 3, 4, 4, 3, 3, 4, 5, 3, 4, 6, 3, 3, 6, 6, 3, 5, 4, 3, 3, 3, 3, 3, 4, 5, 4, 3, 6, 5, 6, 5, 3, 3, 6, 5, 6, 6, 4, 6, 5, 5, 6, 3, 3, 5, 6, 4, 3, 5, 4, 4, 5, 5, 4, 4, 6, 5, 4, 4, 5, 5, 4, 6, 6, 3, 4, 6, 3, 3, 5, 5, 3, 3, 3, 6, 6, 5, 6, 4, 3, 6, 4, 4, 6, 6, 6, 3, 3, 6, 3, 6, 6, 3, 6, 4, 4, 3, 3, 5, 4, 4, 4, 4, 4, 4, 5, 3, 4, 3, 4, 5, 3, 6, 5, 6, 4, 3, 6, 5, 5, 6, 4, 6, 6, 5, 3, 6, 5, 4, 3, 3, 5, 6, 5, 4, 6, 5, 6, 3, 4, 5, 3, 5, 3, 3, 5, 6, 3, 5, 5, 5, 5, 4, 6, 6, 5, 5, 4, 6, 6, 4, 5, 3, 3, 5, 4, 6, 4, 5, 3, 4, 4, 6, 6, 3, 3, 6, 6, 6, 4, 5, 4, 6, 6, 3, 5, 4, 4, 3, 6, 5, 5, 6, 3, 4, 5, 3, 5, 5, 4, 4, 5, 5, 5, 4, 3, 3, 4, 6, 5, 5, 5, 5, 4, 5, 5, 4, 5, 6, 3, 3, 5, 5, 4, 3, 4, 3, 3, 6, 4, 5, 4, 3, 5, 6, 5, 4, 3, 6, 3, 3, 3, 3, 3, 5, 3, 4, 5, 6, 4]=
=[337, 103, 224]; 
:[3, 3, 3, 4, 6, 3, 3, 6, 6, 4, 6, 5, 3, 5, 6, 3, 5, 5, 5, 4, 5, 6, 5, 4, 5, 5, 5, 4, 6, 4, 3, 5, 6, 6, 5, 6, 3, 3, 3, 5, 4, 6, 3, 6, 5, 6, 3, 6, 5, 3, 3, 6, 3, 3, 5, 6, 6, 3, 5, 5, 3, 5, 6, 5, 4, 6, 5, 4, 4, 6, 6, 5, 4, 4, 4, 4, 3, 5, 6, 5, 4, 5, 6, 3, 3, 6, 4, 3, 5, 3, 5, 5, 5, 4, 4, 3, 3, 4, 5, 4, 5, 3, 4, 4, 3, 3, 4, 4, 5, 3, 4, 5, 5, 3, 6, 3, 5, 5, 5, 4, 6, 4, 5, 5, 4, 4, 6, 6, 5, 6, 3, 6, 5, 5, 3, 5, 3, 6, 5, 3, 6, 6, 6, 6, 4, 4, 5, 3, 4, 5, 6, 5, 6, 6, 6, 6, 6, 5, 5, 6, 5, 3, 6, 5, 3, 3, 3, 3, 6, 3, 6, 5, 6, 4, 5, 5, 4, 6, 4, 6, 4, 4, 3, 6, 3, 5, 4, 4, 4, 4, 3, 4, 5, 5, 6, 4, 3, 3, 3, 3, 3, 3, 4, 4, 5, 4, 6, 6, 3, 5, 6, 6, 3, 3, 4, 5, 5, 5, 5, 5, 5, 6, 4, 4, 3, 5, 3, 6, 5, 3, 3, 6, 4, 6, 4, 6, 6, 3, 6, 4, 4, 4, 3, 4, 3, 4, 5, 5, 5, 3, 5, 3, 4, 5, 4, 5, 4, 6, 3, 6, 6, 3, 6, 4, 3, 6, 5, 4, 5, 4, 5, 5, 6, 3, 6, 6, 6, 3, 3, 5, 3, 3, 6, 6, 5, 4, 3, 6, 6, 5, 6, 3, 3, 5, 5, 5, 3, 5, 5, 4, 6, 3, 6, 4, 5, 6, 5, 4, 6, 5, 3, 5, 3, 6, 6, 6, 6, 5, 5, 5, 4, 4, 4, 5, 4, 4, 5, 5, 3, 3, 4, 6, 4, 4, 4, 3, 4, 5, 3, 3, 4, 3, 6, 3, 5, 5, 4, 4, 6, 5, 6, 6, 6, 5, 5, 6, 6, 4, 4, 6]=
=[23, 56, 66]; 
:[3, 4, 4, 3, 3, 3, 3, 3, 4, 6, 4, 5, 3, 6, 6, 4, 4, 3, 4, 3, 3, 3, 3, 3, 5, 4, 6, 4, 4, 4, 3, 6, 5, 6, 3, 6, 3, 5, 3, 3, 3, 3, 6, 5, 4, 5, 6, 5, 4, 5, 3, 4, 4, 5, 6, 3, 4, 6, 6, 5, 3, 6, 5, 4, 5, 5, 3, 5, 4, 4, 5, 3, 3, 5, 4, 6, 3, 5, 6, 4, 5, 6, 3, 3, 3, 5, 3, 4, 3, 6, 4, 6, 5, 3, 6, 5, 5, 6, 4, 6, 5, 4, 3, 3, 5, 6, 5, 4, 4, 5, 6, 3, 3, 3, 4, 4, 5, 4, 5, 6, 5, 5, 3, 5, 3, 5, 6, 5, 6, 3, 4, 4, 5, 6, 4, 5, 4, 3, 4, 3, 4, 5, 3, 5, 5, 3, 3, 5, 6, 4, 6, 6, 5, 6, 5, 6, 5, 3, 6, 5, 6, 3, 5, 3, 4, 3, 5, 4, 6, 5, 3, 5, 6, 4, 3, 6, 3, 3, 4, 5, 4, 4, 3, 3, 4, 4, 6, 5, 5, 3, 3, 6, 4, 4, 5, 5, 6, 5, 5, 5, 5, 6, 6, 6, 5, 6, 5, 4, 5, 4, 4, 4, 6, 6, 4, 3, 6, 3, 5, 6, 3, 6, 5, 3, 5, 6, 5, 4, 5, 5, 4, 3, 4, 5, 3, 4, 6, 3, 3, 6, 5, 6, 6, 5, 5, 4, 3, 5, 5, 6, 5, 3, 4, 3, 4, 6, 4, 6, 3, 3, 3, 5, 6, 3, 4, 6, 5, 6, 6, 3, 6, 5, 6, 5, 3, 4, 4, 5, 5, 4, 6, 3, 4, 5, 3, 4, 6, 6, 4, 4, 5, 6, 3, 4, 3, 3, 3, 4, 3, 4, 3, 4, 3, 3, 5, 5, 6, 6, 3, 6, 4, 3, 4, 5, 5, 5, 6, 6, 6, 4, 6, 4, 4, 6, 5, 5, 4, 6, 3, 5, 6, 3, 6, 5, 6, 6, 5, 3, 5, 4, 4, 5, 6, 3, 4, 3, 5, 3, 4, 6, 4, 4, 3, 5, 4, 6, 5, 3, 5, 6]=
=[294, 32, 327]; 
:[3, 4, 3, 5, 3, 4, 5, 6, 6, 3, 3, 3, 6, 5, 5, 4, 5, 6, 6, 3, 6, 3, 4, 6, 3, 5, 5, 6, 3, 6, 4, 6, 6, 6, 4, 6, 6, 5, 4, 3, 3, 3, 4, 3, 3, 3, 6, 4, 5, 6, 4, 3, 3, 4, 6, 5, 4, 5, 4, 3, 3, 6, 4, 5, 4, 4, 3, 5, 6, 5, 5, 3, 4, 5, 4, 3, 5, 6, 5, 4, 6, 5, 3, 3, 5, 6, 5, 5, 5, 6, 3, 4, 4, 4, 5, 5, 4, 4, 5, 6, 6, 5, 4, 3, 5, 3, 6, 4, 4, 6, 6, 3, 6, 3, 6, 3, 3, 5, 6, 4, 6, 4, 5, 4, 6, 4, 3, 6, 6, 4, 6, 4, 6, 4, 4, 5, 5, 4, 4, 5, 6, 3, 6, 6, 6, 4, 6, 3, 3, 4, 3, 4, 3, 6, 5, 6, 6, 6, 4, 5, 3, 4, 6, 4, 5, 3, 6, 5, 6, 4, 5, 3, 4, 5, 3, 5, 6, 6, 6, 3, 4, 6, 5, 5, 5, 6, 4, 3, 5, 5, 5, 3, 5, 6, 3, 4, 3, 3, 6, 4, 4, 4, 4, 3, 5, 3, 5, 3, 6, 5, 5, 6, 3, 5, 6, 3, 3, 4, 4, 3, 3, 4, 4, 5, 4, 4, 5, 3, 3, 6, 5, 3, 6, 4, 4, 5, 3, 4, 3, 3, 5, 6, 3, 4, 3, 6, 3, 6, 4, 6, 3, 6, 4, 3, 4, 6, 3, 6, 5, 6, 6, 4, 4, 5, 6, 4, 3, 4, 5, 5, 5, 5, 5, 5, 4, 5, 3, 5, 6, 3, 6, 6, 5, 4, 4, 5, 6, 4, 3, 4, 5, 3, 5, 5, 4, 4, 3, 3, 5, 5, 3, 3, 6, 3, 4, 3, 3, 3, 5, 6, 5, 3, 6, 3, 4, 3, 6, 3, 3, 6, 6, 5, 4, 5, 4, 6, 3, 5, 3, 6, 5, 6, 5, 4, 6, 6, 4, 3, 4, 5, 3, 3, 4, 3, 5, 3, 6, 6, 6, 4, 5, 6, 6, 5, 3, 5, 5, 6, 4, 6]=
=[209, 150, 162]; 
:[6, 4, 5, 5, 3, 6, 5, 3, 3, 5, 4, 5, 4, 4, 4, 3, 6, 4, 6, 3, 3, 4, 3, 4, 4, 6, 5, 3, 4, 5, 6, 4, 3, 3, 6, 5, 5, 4, 6, 3, 3, 6, 6, 3, 5, 3, 6, 4, 3, 3, 6, 4, 4, 6, 5, 5, 6, 5, 6, 5, 5, 3, 6, 3, 6, 5, 6, 5, 3, 3, 3, 6, 4, 3, 6, 5, 6, 4, 4, 6, 4, 6, 6, 3, 5, 4, 3, 6, 3, 4, 4, 5, 5, 3, 4, 6, 6, 6, 6, 6, 4, 5, 5, 6, 4, 4, 5, 5, 3, 4, 5, 3, 5, 3, 6, 4, 6, 5, 3, 6, 6, 4, 5, 4, 5, 3, 6, 3, 6, 5, 4, 5, 4, 3, 6, 4, 5, 4, 4, 4, 5, 5, 6, 3, 5, 6, 3, 6, 4, 6, 4, 4, 4, 4, 4, 5, 6, 4, 6, 5, 3, 6, 3, 4, 4, 3, 4, 3, 3, 5, 5, 4, 5, 3, 3, 3, 4, 5, 5, 5, 6, 6, 5, 4, 4, 5, 6, 5, 6, 4, 3, 6, 6, 5, 3, 4, 5, 5, 6, 5, 3, 6, 6, 3, 4, 5, 6, 4, 3, 5, 4, 6, 6, 4, 6, 5, 6, 3, 4, 3, 3, 6, 4, 4, 3, 6, 3, 6, 6, 3, 6, 5, 4, 4, 3, 3, 4, 6, 5, 6, 4, 6, 4, 5, 4, 6, 6, 3, 3, 6, 5, 4, 6, 5, 5, 5, 6, 5, 6, 5, 4, 6, 6, 3, 5, 4, 4, 4, 6, 5, 3, 5, 3, 5, 6, 6, 4, 6, 6, 5, 5, 3, 5, 4, 4, 3, 4, 4, 6, 4, 6, 4, 5, 4, 3, 6, 3, 3, 3, 6, 4, 6, 4, 5, 5, 4, 6, 6, 5, 6, 6, 5, 4, 5, 3, 6, 5, 5, 6, 5, 5, 5, 3, 6, 5, 6, 3, 6, 3, 6, 5, 6, 6, 6, 4, 5, 5, 4, 3, 3, 4, 4, 6, 3, 4, 3, 5, 5, 6, 4, 5, 3, 4, 5, 4, 5, 5, 5, 4, 4]=
=[123, 43, 80]; 
:[4, 3, 4, 3, 6, 6, 5, 4, 5, 5, 4, 4, 3, 6, 3, 4, 5, 4, 6, 4, 6, 5, 4, 3, 6, 6, 3, 3, 3, 6, 3, 4, 6, 5, 6, 3, 3, 4, 4, 5, 5, 5, 6, 5, 5, 3, 5, 6, 5, 3, 5, 5, 6, 6, 5, 3, 4, 3, 6, 6, 3, 5, 4, 5, 5, 5, 5, 5, 3, 3, 4, 4, 6, 5, 4, 4, 4, 3, 6, 5, 3, 6, 3, 4, 6, 6, 3, 5, 6, 3, 3, 5, 4, 4, 5, 3, 6, 5, 6, 4, 3, 5, 4, 4, 4, 6, 6, 4, 6, 3, 5, 3, 5, 6, 4, 5, 5, 4, 4, 3, 4, 3, 5, 3, 4, 3, 6, 3, 3, 5, 4, 3, 5, 6, 4, 4, 4, 6, 3, 4, 6, 3, 3, 5, 6, 6, 6, 3, 6, 6, 4, 4, 6, 6, 5, 3, 5, 4, 4, 5, 3, 3, 3, 4, 4, 6, 4, 4, 3, 6, 6, 3, 5, 4, 6, 3, 5, 4, 3, 3, 5, 5, 4, 3, 5, 5, 5, 3, 4, 5, 6, 3, 5, 5, 6, 3, 4, 5, 3, 6, 6, 3, 6, 5, 3, 5, 4, 5, 6, 4, 6, 5, 4, 3, 5, 4, 4, 6, 4, 5, 3, 3, 5, 5, 5, 5, 4, 4, 3, 3, 4, 6, 4, 4, 4, 4, 3, 3, 6, 5, 3, 4, 6, 5, 3, 5, 6, 3, 5, 6, 5, 5, 5, 3, 3, 6, 3, 6, 6, 4, 5, 5, 3, 4, 3, 5, 3, 4, 6, 3, 4, 3, 4, 3, 3, 3, 3, 4, 4, 6, 4, 4, 6, 6, 3, 5, 4, 5, 5, 6, 5, 5, 6, 5, 4, 4, 4, 3, 6, 3, 6, 3, 3, 6, 4, 5, 4, 3, 5, 5, 6, 4, 6, 6, 5, 5, 5, 5, 4, 3, 3, 4, 4, 6, 4, 5, 4, 4, 6, 5, 4, 4, 3, 3, 5, 5, 3, 3, 6, 6, 5, 6, 3, 4, 5, 5, 6, 6, 4, 4, 3, 5, 5, 6, 3, 5, 4, 4, 5, 5]=
=[108, 298, 149]; 
:[5, 3, 5, 5, 3, 6, 3, 6, 4, 4, 3, 4, 3, 3, 4, 4, 3, 4, 3, 6, 6, 3, 3, 3, 3, 5, 5, 5, 3, 5, 3, 5, 6, 3, 4, 4, 5, 6, 4, 4, 6, 3, 3, 6, 3, 6, 5, 6, 3, 4, 3, 3, 3, 6, 3, 3, 6, 5, 4, 6, 5, 6, 3, 3, 4, 6, 4, 4, 5, 3, 4, 3, 6, 3, 5, 3, 5, 5, 4, 3, 4, 6, 3, 6, 3, 3, 3, 5, 6, 4, 4, 6, 5, 4, 5, 5, 5, 4, 6, 6, 4, 4, 4, 4, 6, 5, 3, 6, 6, 6, 4, 3, 3, 4, 3, 4, 5, 6, 4, 4, 5, 3, 6, 5, 3, 4, 3, 5, 5, 4, 3, 3, 5, 3, 6, 5, 6, 6, 5, 4, 6, 5, 4, 6, 5, 6, 3, 4, 3, 6, 4, 5, 5, 3, 5, 6, 5, 3, 3, 4, 5, 6, 6, 3, 5, 5, 6, 5, 5, 5, 3, 6, 6, 5, 6, 5, 3, 5, 5, 3, 3, 4, 5, 5, 4, 5, 4, 3, 6, 4, 4, 5, 6, 5, 4, 4, 4, 6, 3, 3, 4, 3, 4, 4, 6, 6, 3, 3, 4, 4, 4, 4, 3, 5, 4, 4, 6, 5, 6, 5, 4, 6, 6, 5, 6, 6, 6, 5, 5, 3, 5, 3, 6, 4, 6, 5, 3, 4, 6, 5, 6, 3, 5, 5, 3, 5, 4, 5, 6, 6, 5, 3, 3, 3, 3, 6, 3, 3, 5, 4, 4, 5, 4, 3, 4, 4, 6, 4, 3, 4, 6, 3, 4, 3, 5, 6, 3, 3, 4, 4, 3, 6, 6, 4, 5, 4, 6, 4, 3, 6, 3, 4, 5, 6, 6, 3, 4, 5, 6, 6, 3, 3, 5, 5, 6, 5, 4, 6, 3, 3, 3, 3, 6, 5, 6, 4, 4, 4, 4, 4, 4, 3, 3, 3, 6, 3, 5, 5, 3, 5, 3, 4, 6, 5, 4, 3, 3, 4, 5, 5, 3, 5, 6, 5, 5, 6, 6, 4, 3, 4, 5, 3, 4, 5, 4, 6, 5, 5, 4, 5]=
=[172, 146, 66]; 
:[5, 3, 6, 5, 4, 3, 4, 3, 5, 3, 5, 4, 6, 5, 4, 6, 4, 6, 5, 6, 5, 3, 4, 3, 4, 6, 3, 4, 4, 4, 5, 4, 6, 5, 3, 6, 6, 3, 5, 4, 4, 5, 5, 5, 5, 4, 4, 4, 4, 6, 3, 5, 6, 4, 4, 4, 4, 5, 4, 5, 6, 4, 6, 6, 5, 6, 3, 5, 5, 6, 6, 6, 6, 3, 3, 6, 3, 3, 6, 6, 5, 3, 3, 5, 5, 4, 4, 4, 6, 6, 6, 3, 4, 4, 6, 4, 3, 4, 6, 3, 4, 5, 5, 3, 6, 5, 4, 3, 5, 3, 4, 3, 3, 3, 5, 4, 5, 3, 3, 3, 4, 4, 6, 3, 4, 5, 3, 3, 5, 3, 4, 3, 4, 6, 5, 5, 3, 4, 6, 5, 5, 6, 6, 4, 6, 3, 5, 5, 6, 4, 6, 4, 5, 3, 6, 6, 3, 5, 5, 5, 4, 3, 6, 3, 3, 6, 6, 3, 6, 5, 3, 3, 4, 5, 5, 4, 3, 6, 4, 5, 3, 4, 4, 4, 5, 5, 3, 5, 3, 5, 3, 4, 4, 5, 5, 3, 3, 4, 6, 6, 4, 4, 5, 5, 5, 6, 5, 3, 6, 4, 4, 3, 4, 3, 3, 6, 6, 6, 3, 4, 6, 6, 3, 4, 3, 3, 5, 6, 4, 5, 6, 6, 4, 6, 5, 5, 3, 6, 6, 4, 5, 5, 4, 3, 6, 5, 5, 5, 6, 4, 3, 3, 3, 4, 5, 6, 6, 4, 5, 5, 6, 5, 5, 4, 4, 4, 4, 6, 6, 6, 4, 6, 6, 6, 5, 3, 5, 5, 4, 4, 3, 5, 3, 5, 4, 6, 6, 4, 6, 3, 4, 5, 6, 3, 5, 4, 3, 4, 6, 4, 3, 6, 6, 5, 3, 5, 5, 3, 4, 3, 3, 3, 6, 6, 5, 5, 3, 4, 5, 4, 4, 5, 5, 6, 4, 6, 3, 3, 6, 5, 6, 6, 3, 5, 5, 6, 6, 5, 3, 3, 3, 5, 6, 5, 6, 3, 5, 3, 5, 3, 5, 6, 4, 4, 5, 4, 6, 3, 4, 6]=
=[122, 252, 306]; 
:[6, 5, 6, 6, 5, 3, 6, 6, 6, 4, 5, 5, 4, 3, 3, 4, 6, 3, 3, 6, 3, 4, 5, 5, 6, 4, 5, 3, 6, 3, 5, 4, 6, 4, 6, 4, 6, 3, 5, 4, 5, 6, 5, 5, 3, 5, 3, 3, 6, 6, 6, 5, 5, 4, 4, 6, 3, 3, 6, 5, 3, 3, 6, 5, 5, 3, 3, 3, 4, 4, 6, 5, 4, 6, 5, 3, 3, 5, 3, 3, 5, 3, 4, 4, 4, 6, 4, 5, 4, 6, 4, 4, 6, 3, 3, 4, 4, 4, 5, 3, 6, 3, 4, 4, 3, 6, 5, 3, 6, 4, 3, 5, 4, 6, 6, 3, 6, 3, 4, 3, 6, 4, 4, 6, 4, 4, 3, 6, 5, 6, 4, 6, 3, 5, 3, 5, 5, 3, 3, 5, 5, 5, 3, 5, 6, 4, 3, 6, 6, 5, 6, 4, 4, 3, 3, 5, 3, 4, 5, 4, 3, 6, 5, 3, 6, 6, 4, 5, 6, 3, 4, 6, 5, 3, 3, 3, 5, 4, 3, 3, 4, 6, 3, 3, 6, 3, 4, 5, 5, 6, 6, 6, 5, 5, 6, 6, 6, 6, 3, 4, 6, 5, 3, 3, 3, 6, 3, 5, 6, 3, 4, 6, 5, 3, 4, 6, 6, 3, 6, 4, 5, 5, 5, 5, 3, 4, 6, 6, 6, 4, 6, 3, 6, 6, 5, 6, 4, 3, 3, 5, 6, 5, 5, 6, 5, 6, 3, 3, 5, 6, 5, 6, 3, 6, 6, 3, 5, 6, 3, 3, 5, 4, 5, 3, 5, 6, 5, 5, 4, 4, 4, 3, 5, 3, 4, 4, 6, 3, 4, 5, 4, 6, 5, 4, 4, 6, 4, 5, 3, 5, 3, 4, 3, 5, 5, 3, 5, 3, 4, 3, 6, 3, 3, 4, 5, 5, 6, 4, 5, 4, 5, 6, 5, 6, 3, 5, 6, 3, 4, 3, 5, 5, 3, 5, 5, 5, 4, 6, 5, 4, 4, 5, 6, 5, 5, 6, 4, 3, 4, 4, 6, 3, 4, 3, 3, 6, 5, 3, 5, 3, 3, 5, 4, 6, 4, 6, 3, 3, 3, 6]=
=[147, 226, 249]; 
:[4, 3, 5, 4, 3, 5, 3, 4, 5, 3, 3, 5, 6, 4, 6, 5, 5, 4, 6, 6, 4, 5, 4, 3, 4, 5, 4, 3, 5, 6, 3, 3, 5, 3, 5, 3, 5, 3, 4, 4, 5, 6, 3, 6, 4, 5, 6, 3, 3, 6, 6, 6, 3, 4, 3, 3, 3, 3, 6, 3, 4, 5, 3, 3, 6, 6, 5, 4, 6, 6, 4, 6, 6, 6, 5, 4, 5, 3, 6, 3, 3, 6, 4, 5, 6, 4, 3, 5, 6, 6, 6, 6, 5, 6, 6, 4, 5, 6, 4, 5, 4, 4, 6, 3, 5, 6, 5, 6, 4, 5, 6, 3, 3, 5, 4, 3, 4, 3, 3, 4, 3, 5, 3, 6, 6, 6, 4, 5, 3, 6, 3, 4, 5, 4, 6, 4, 5, 5, 5, 3, 6, 3, 4, 6, 5, 5, 4, 3, 4, 5, 5, 3, 4, 6, 4, 5, 3, 6, 5, 4, 6, 6, 6, 6, 4, 6, 3, 6, 6, 5, 6, 6, 5, 5, 3, 3, 3, 6, 5, 3, 5, 5, 5, 6, 3, 6, 3, 3, 5, 4, 5, 5, 6, 5, 5, 4, 5, 5, 3, 5, 5, 3, 4, 5, 3, 3, 3, 5, 6, 4, 3, 4, 4, 3, 5, 3, 3, 5, 6, 4, 3, 4, 6, 4, 3, 5, 5, 5, 5, 4, 4, 6, 5, 5, 3, 4, 6, 3, 3, 6, 5, 4, 5, 4, 3, 3, 5, 4, 5, 3, 3, 3, 3, 6, 6, 4, 3, 6, 3, 3, 6, 6, 3, 5, 4, 5, 6, 4, 3, 6, 4, 6, 5, 4, 3, 6, 5, 5, 4, 4, 5, 3, 4, 3, 5, 4, 5, 5, 5, 6, 5, 5, 6, 5, 5, 5, 6, 3, 6, 5, 4, 3, 3, 3, 3, 5, 5, 4, 5, 4, 6, 5, 4, 3, 3, 5, 5, 6, 3, 5, 6, 6, 4, 5, 3, 4, 3, 3, 6, 3, 5, 6, 4, 5, 5, 3, 3, 4, 3, 3, 5, 6, 3, 3, 5, 6, 4, 4, 4, 6, 6, 4, 5, 3, 5, 6, 3, 6, 6, 3]=
=[193, 37, 333]; 
:[3, 6, 6, 5, 4, 4, 3, 4, 3, 3, 4, 6, 6, 3, 6, 5, 6, 3, 6, 5, 5, 3, 6, 6, 5, 4, 6, 6, 3, 4, 3, 5, 3, 5, 3, 6, 3, 3, 6, 4, 5, 4, 6, 5, 5, 6, 3, 6, 4, 5, 5, 5, 3, 5, 5, 5, 3, 5, 5, 4, 3, 6, 3, 4, 6, 5, 6, 5, 4, 4, 3, 6, 4, 4, 5, 3, 4, 3, 4, 4, 6, 6, 4, 3, 3, 6, 3, 4, 5, 3, 4, 4, 6, 5, 4, 3, 5, 6, 6, 4, 3, 6, 6, 6, 3, 6, 4, 3, 3, 4, 3, 3, 6, 5, 5, 5, 3, 3, 4, 6, 6, 5, 6, 6, 4, 3, 3, 6, 4, 6, 5, 5, 6, 4, 6, 3, 6, 5, 6, 4, 4, 5, 4, 3, 6, 4, 3, 6, 5, 4, 6, 5, 3, 5, 4, 5, 5, 3, 3, 6, 4, 6, 4, 5, 3, 3, 3, 3, 4, 3, 6, 4, 3, 3, 4, 6, 4, 4, 3, 4, 4, 3, 3, 5, 3, 5, 4, 3, 6, 6, 3, 6, 4, 4, 3, 6, 3, 4, 4, 6, 6, 6, 3, 5, 6, 5, 6, 6, 3, 6, 6, 5, 5, 5, 5, 4, 6, 5, 6, 6, 5, 4, 6, 4, 4, 5, 3, 4, 5, 3, 5, 6, 6, 5, 6, 3, 3, 3, 3, 3, 5, 5, 5, 5, 4, 4, 3, 5, 5, 3, 6, 5, 6, 4, 5, 5, 6, 4, 4, 4, 5, 6, 6, 6, 4, 5, 4, 5, 6, 6, 5, 4, 6, 5, 3, 6, 6, 6, 5, 6, 5, 5, 6, 5, 3, 3, 4, 3, 4, 5, 3, 5, 4, 6, 5, 4, 4, 3, 5, 3, 5, 6, 6, 3, 4, 4, 6, 5, 5, 3, 6, 3, 6, 4, 4, 5, 5, 4, 4, 6, 6, 6, 6, 3, 3, 5, 6, 3, 3, 3, 6, 6, 3, 6, 6, 6, 4, 6, 5, 6, 3, 5, 5, 6, 6, 5, 6, 6, 6, 4, 4, 6, 6, 4, 4, 6, 3, 3, 4, 4]=
=[245, 215, 153]; 
:[6, 4, 3, 6, 3, 4, 6, 5, 3, 3, 6, 4, 6, 5, 3, 6, 5, 3, 4, 4, 4, 5, 6, 4, 6, 3, 3, 4, 5, 4, 4, 4, 3, 6, 5, 5, 4, 4, 5, 4, 3, 6, 4, 5, 5, 3, 3, 5, 5, 6, 6, 6, 4, 6, 4, 4, 6, 6, 4, 5, 4, 3, 4, 6, 4, 3, 3, 3, 4, 4, 3, 3, 4, 5, 4, 3, 5, 5, 5, 6, 6, 5, 6, 3, 6, 3, 6, 5, 6, 5, 4, 4, 5, 6, 4, 6, 5, 3, 4, 4, 6, 4, 6, 4, 6, 5, 3, 3, 3, 4, 3, 3, 6, 3, 4, 4, 6, 5, 3, 3, 6, 5, 5, 3, 6, 6, 6, 4, 3, 3, 6, 5, 6, 5, 5, 4, 6, 3, 4, 4, 5, 3, 3, 3, 5, 5, 4, 4, 3, 4, 5, 6, 5, 4, 5, 3, 3, 3, 5, 3, 3, 5, 5, 5, 5, 5, 5, 6, 4, 3, 4, 5, 3, 5, 4, 6, 3, 5, 4, 5, 3, 5, 6, 3, 4, 5, 5, 6, 6, 6, 4, 6, 3, 4, 4, 3, 3, 4, 5, 4, 3, 3, 6, 4, 4, 3, 3, 3, 3, 3, 4, 4, 4, 6, 3, 6, 3, 4, 6, 3, 3, 3, 4, 5, 3, 3, 3, 3, 6, 6, 5, 5, 5, 5, 4, 4, 6, 4, 5, 3, 3, 3, 3, 6, 3, 6, 5, 6, 3, 4, 4, 4, 5, 6, 6, 6, 4, 3, 4, 5, 5, 3, 6, 3, 5, 5, 3, 4, 3, 6, 4, 5, 5, 3, 5, 3, 5, 3, 4, 4, 4, 5, 6, 4, 4, 5, 3, 4, 5, 5, 3, 4, 4, 5, 6, 3, 4, 6, 4, 5, 3, 5, 5, 5, 3, 5, 5, 3, 6, 6, 4, 6, 6, 3, 4, 6, 5, 5, 6, 3, 4, 3, 4, 3, 3, 5, 5, 6, 5, 3, 5, 3, 3, 6, 4, 6, 5, 4, 4, 3, 5, 5, 5, 3, 5, 3, 6, 4, 5, 4, 4, 5, 5, 5, 3, 5, 4, 3, 5, 3]=
=[144, 216, 24]; 
:[4, 6, 3, 4, 5, 4, 6, 4, 3, 6, 4, 4, 4, 5, 4, 3, 4, 5, 5, 3, 5, 6, 6, 6, 3, 4, 5, 4, 6, 6, 5, 3, 4, 3, 5, 5, 3, 5, 6, 4, 5, 4, 3, 4, 5, 6, 4, 3, 4, 6, 5, 5, 6, 6, 4, 6, 5, 6, 6, 6, 6, 5, 6, 4, 4, 5, 4, 4, 5, 5, 4, 4, 6, 6, 3, 3, 4, 3, 5, 5, 4, 3, 6, 5, 5, 5, 6, 6, 6, 5, 5, 4, 6, 4, 4, 3, 3, 6, 3, 3, 6, 4, 3, 4, 6, 6, 5, 5, 4, 6, 6, 6, 3, 6, 6, 5, 6, 6, 4, 4, 5, 6, 5, 3, 3, 4, 4, 6, 5, 6, 4, 3, 6, 5, 3, 3, 5, 3, 6, 5, 3, 5, 5, 4, 5, 5, 3, 4, 6, 6, 5, 6, 6, 4, 3, 4, 6, 4, 4, 3, 4, 4, 4, 6, 3, 3, 4, 3, 6, 6, 5, 3, 3, 6, 4, 6, 6, 3, 6, 4, 4, 4, 3, 4, 5, 3, 5, 3, 5, 4, 5, 3, 3, 4, 3, 5, 3, 5, 3, 3, 5, 6, 6, 3, 4, 6, 4, 5, 4, 4, 5, 4, 3, 5, 4, 6, 6, 3, 4, 6, 3, 6, 3, 4, 5, 4, 4, 4, 4, 5, 3, 4, 6, 6, 6, 6, 3, 4, 6, 6, 4, 3, 3, 6, 6, 6, 3, 4, 5, 6, 3, 5, 6, 5, 6, 6, 3, 4, 4, 3, 6, 3, 4, 4, 6, 5, 6, 3, 4, 3, 5, 5, 5, 3, 3, 4, 5, 3, 3, 6, 3, 4, 6, 5, 5, 3, 6, 6, 3, 3, 6, 5, 3, 4, 6, 6, 4, 5, 6, 5, 6, 6, 4, 4, 5, 5, 3, 4, 4, 4, 3, 4, 6, 4, 5, 5, 5, 6, 3, 5, 4, 5, 6, 5, 3, 4, 3, 4, 6, 6, 3, 3, 3, 6, 6, 5, 6, 6, 3, 3, 4, 4, 3, 4, 6, 4, 5, 3, 4, 6, 3, 3, 4, 6, 4, 3, 3, 3, 6, 4]=
=[234, 174, 167]; 
:[6, 5, 5, 4, 6, 4, 4, 3, 3, 4, 6, 6, 4, 5, 5, 4, 6, 3, 3, 4, 4, 4, 5, 6, 6, 4, 4, 3, 3, 4, 6, 5, 3, 5, 6, 4, 6, 4, 4, 5, 3, 4, 4, 4, 3, 5, 6, 5, 3, 4, 3, 3, 3, 6, 4, 3, 3, 4, 3, 6, 3, 6, 4, 4, 4, 6, 5, 5, 3, 4, 5, 5, 4, 5, 5, 6, 3, 6, 5, 6, 3, 6, 4, 3, 5, 4, 4, 4, 3, 6, 6, 3, 5, 6, 5, 5, 5, 6, 6, 4, 5, 4, 5, 5, 5, 6, 3, 3, 5, 3, 3, 3, 4, 5, 4, 6, 3, 4, 5, 6, 3, 4, 4, 6, 4, 5, 5, 6, 3, 6, 6, 4, 3, 6, 4, 3, 5, 4, 6, 6, 6, 3, 3, 6, 5, 4, 4, 6, 3, 6, 6, 6, 3, 4, 6, 4, 3, 5, 5, 4, 4, 6, 3, 4, 5, 6, 4, 6, 6, 4, 4, 4, 5, 4, 4, 3, 3, 5, 3, 4, 4, 5, 6, 4, 5, 3, 4, 4, 3, 3, 3, 4, 5, 4, 4, 3, 5, 6, 4, 4, 6, 4, 4, 6, 4, 5, 4, 4, 6, 6, 3, 4, 3, 4, 3, 3, 6, 6, 6, 6, 4, 5, 5, 5, 3, 6, 3, 4, 6, 3, 3, 4, 5, 5, 5, 5, 3, 4, 6, 4, 4, 3, 4, 6, 3, 4, 6, 5, 6, 6, 3, 5, 5, 4, 5, 5, 6, 6, 4, 5, 3, 5, 6, 5, 4, 4, 6, 6, 3, 3, 6, 5, 4, 5, 3, 5, 4, 4, 5, 6, 6, 4, 6, 3, 4, 5, 6, 5, 6, 3, 3, 3, 4, 4, 6, 6, 4, 6, 3, 5, 4, 3, 6, 3, 4, 6, 5, 4, 4, 6, 3, 3, 6, 6, 5, 4, 6, 3, 4, 5, 6, 5, 6, 4, 3, 4, 6, 5, 6, 6, 5, 5, 6, 4, 4, 6, 3, 5, 5, 5, 4, 3, 3, 5, 4, 4, 5, 6, 4, 6, 5, 3, 4, 6, 4, 3, 6, 3, 6, 3]=
=[306, 251, 204]; 
:[3, 5, 6, 3, 6, 5, 4, 5, 6, 4, 6, 6, 5, 5, 3, 4, 3, 3, 4, 3, 5, 6, 3, 3, 6, 3, 4, 4, 4, 3, 6, 6, 4, 4, 3, 4, 6, 5, 4, 5, 3, 6, 4, 3, 5, 5, 6, 4, 4, 5, 6, 6, 4, 4, 5, 5, 4, 6, 3, 6, 5, 3, 3, 5, 6, 4, 3, 6, 5, 3, 4, 6, 6, 6, 5, 4, 4, 6, 3, 5, 5, 3, 6, 4, 5, 5, 4, 3, 6, 5, 6, 5, 5, 4, 3, 4, 6, 3, 3, 4, 6, 6, 6, 3, 4, 4, 3, 3, 5, 5, 6, 5, 4, 5, 5, 4, 3, 4, 4, 3, 3, 5, 3, 4, 5, 6, 4, 4, 3, 6, 4, 4, 4, 5, 5, 6, 4, 6, 6, 5, 6, 5, 5, 4, 5, 5, 5, 6, 5, 4, 3, 4, 5, 5, 4, 5, 5, 4, 6, 4, 6, 6, 3, 6, 3, 5, 4, 6, 5, 6, 6, 3, 4, 5, 4, 4, 5, 3, 6, 3, 3, 5, 6, 3, 6, 5, 6, 3, 6, 4, 3, 3, 3, 4, 6, 5, 5, 3, 4, 5, 6, 3, 4, 3, 3, 3, 5, 6, 5, 6, 3, 6, 5, 5, 3, 6, 5, 4, 3, 3, 3, 5, 4, 3, 5, 4, 6, 5, 3, 5, 4, 3, 3, 4, 3, 4, 5, 6, 4, 5, 6, 3, 5, 3, 5, 5, 6, 4, 4, 3, 5, 3, 5, 3, 6, 6, 5, 5, 4, 3, 4, 6, 6, 5, 4, 5, 6, 4, 4, 5, 3, 3, 5, 6, 3, 4, 5, 6, 3, 3, 6, 5, 5, 3, 5, 6, 5, 4, 3, 4, 4, 4, 4, 6, 6, 3, 4, 6, 4, 5, 4, 5, 6, 5, 6, 5, 3, 4, 5, 3, 5, 4, 5, 5, 6, 6, 6, 3, 5, 6, 5, 5, 6, 3, 5, 5, 5, 5, 6, 3, 3, 5, 6, 5, 5, 3, 5, 6, 4, 6, 6, 3, 4, 3, 4, 4, 4, 3, 4, 6, 3, 5, 4, 3, 4, 3, 5, 4, 5, 3]=
=[87, 65, 27]; 
:[6, 5, 6, 4, 6, 5, 4, 4, 3, 6, 3, 3, 6, 5, 6, 6, 6, 3, 5, 4, 6, 5, 4, 4, 3, 4, 3, 6, 5, 5, 5, 3, 4, 5, 5, 5, 3, 6, 6, 5, 5, 3, 6, 6, 5, 3, 5, 3, 4, 5, 6, 6, 3, 6, 5, 3, 5, 4, 5, 5, 6, 3, 5, 5, 5, 5, 6, 3, 6, 3, 5, 4, 4, 6, 6, 4, 4, 4, 4, 4, 5, 3, 6, 4, 4, 3, 3, 6, 6, 3, 6, 4, 6, 3, 4, 3, 4, 4, 4, 4, 3, 6, 4, 4, 4, 5, 3, 4, 4, 4, 5, 3, 4, 5, 6, 5, 6, 3, 5, 3, 5, 5, 3, 6, 4, 5, 4, 5, 4, 6, 5, 4, 6, 5, 4, 5, 6, 4, 6, 3, 3, 5, 4, 3, 3, 3, 5, 4, 4, 3, 4, 4, 4, 3, 4, 4, 6, 3, 4, 5, 5, 3, 5, 6, 5, 4, 6, 6, 3, 3, 6, 3, 3, 6, 4, 6, 6, 6, 3, 4, 5, 4, 6, 5, 5, 5, 5, 3, 3, 5, 6, 4, 5, 5, 5, 6, 3, 3, 3, 6, 3, 4, 5, 4, 5, 3, 6, 5, 6, 4, 4, 3, 3, 4, 3, 3, 4, 6, 6, 5, 6, 6, 5, 4, 5, 3, 3, 5, 3, 4, 3, 6, 4, 3, 5, 6, 6, 3, 5, 6, 6, 6, 4, 5, 6, 5, 6, 3, 4, 3, 3, 4, 4, 4, 5, 4, 5, 5, 3, 6, 5, 5, 6, 4, 3, 4, 3, 5, 6, 6, 6, 3, 3, 4, 3, 5, 4, 6, 5, 3, 6, 3, 5, 3, 6, 6, 6, 3, 4, 6, 4, 5, 4, 4, 3, 5, 3, 3, 5, 4, 4, 4, 5, 4, 5, 6, 3, 5, 5, 3, 6, 3, 6, 4, 4, 3, 3, 3, 6, 6, 6, 4, 3, 3, 5, 5, 4, 4, 3, 5, 3, 3, 4, 3, 3, 3, 6, 3, 6, 4, 6, 6, 3, 6, 4, 6, 3, 6, 3, 3, 5, 6, 3, 4, 3, 6, 3, 3, 6, 5]=
=[286, 158, 113]; 
:[6, 6, 6, 6, 6, 6, 5, 3, 6, 5, 5, 5, 3, 3, 5, 6, 3, 3, 3, 3, 3, 4, 6, 5, 4, 3, 4, 6, 3, 6, 3, 4, 4, 6, 6, 4, 3, 3, 4, 6, 6, 6, 6, 3, 4, 5, 3, 6, 5, 3, 3, 6, 5, 6, 3, 5, 3, 4, 6, 4, 3, 5, 5, 6, 5, 5, 5, 5, 4, 5, 4, 3, 4, 3, 6, 6, 4, 4, 5, 6, 3, 3, 4, 5, 3, 4, 6, 5, 3, 3, 5, 6, 6, 3, 4, 6, 5, 3, 4, 5, 6, 6, 6, 5, 6, 4, 3, 4, 4, 3, 5, 5, 5, 4, 4, 4, 4, 5, 4, 3, 4, 5, 4, 6, 5, 5, 3, 5, 3, 3, 4, 4, 6, 6, 3, 4, 6, 5, 5, 3, 5, 6, 3, 6, 6, 4, 6, 3, 4, 5, 4, 3, 5, 6, 4, 4, 6, 6, 3, 6, 6, 3, 5, 5, 5, 6, 5, 4, 5, 5, 4, 4, 3, 6, 6, 3, 3, 4, 4, 5, 6, 6, 6, 3, 5, 4, 4, 3, 4, 6, 5, 4, 6, 6, 5, 4, 3, 4, 4, 3, 5, 6, 4, 6, 6, 3, 6, 4, 3, 5, 6, 5, 6, 6, 3, 3, 3, 4, 5, 5, 6, 5, 6, 6, 6, 5, 5, 5, 4, 4, 3, 3, 4, 4, 5, 3, 3, 4, 3, 4, 6, 6, 6, 6, 5, 6, 5, 4, 4, 4, 6, 6, 6, 3, 3, 5, 5, 5, 5, 5, 6, 3, 3, 3, 4, 6, 5, 6, 5, 5, 5, 5, 5, 5, 4, 4, 6, 6, 4, 5, 5, 5, 5, 4, 4, 3, 3, 4, 3, 4, 3, 4, 5, 4, 3, 4, 3, 6, 3, 5, 4, 4, 6, 5, 5, 5, 6, 4, 4, 3, 5, 3, 4, 6, 3, 3, 3, 4, 4, 5, 4, 5, 3, 3, 6, 3, 3, 5, 4, 6, 6, 5, 5, 6, 3, 5, 5, 6, 3, 3, 4, 4, 5, 4, 4, 6, 5, 5, 6, 6, 4, 3, 3, 6, 4, 5, 4, 4, 5, 4]=
=[44, 283, 273]; 
:[5, 6, 6, 3, 4, 5, 5, 6, 6, 5, 3, 3, 3, 3, 4, 3, 6, 6, 5, 4, 5, 3, 3, 5, 4, 4, 6, 4, 4, 4, 3, 3, 3, 6, 6, 6, 5, 6, 3, 5, 3, 4, 5, 4, 4, 6, 3, 6, 4, 3, 5, 4, 6, 5, 5, 5, 6, 6, 3, 6, 4, 4, 6, 5, 4, 3, 3, 5, 4, 4, 6, 4, 5, 5, 4, 5, 6, 5, 4, 6, 6, 5, 3, 4, 6, 5, 4, 4, 3, 4, 4, 5, 3, 4, 4, 4, 4, 3, 5, 3, 3, 6, 4, 5, 4, 6, 3, 5, 4, 5, 3, 4, 3, 3, 5, 6, 5, 5, 3, 3, 4, 5, 4, 4, 6, 6, 3, 4, 3, 4, 4, 4, 6, 6, 5, 3, 3, 5, 3, 6, 3, 4, 4, 4, 4, 6, 4, 5, 4, 5, 4, 4, 4, 3, 6, 4, 5, 4, 6, 3, 4, 5, 6, 6, 6, 6, 5, 6, 5, 5, 6, 4, 5, 3, 6, 4, 3, 5, 4, 3, 4, 5, 5, 6, 6, 6, 3, 6, 3, 4, 3, 5, 4, 3, 5, 5, 4, 3, 5, 5, 5, 5, 3, 3, 6, 6, 5, 3, 5, 3, 6, 3, 6, 5, 5, 5, 5, 5, 6, 6, 6, 5, 6, 3, 5, 3, 3, 5, 4, 3, 5, 3, 4, 5, 3, 6, 5, 3, 4, 5, 5, 3, 5, 3, 3, 4, 5, 4, 5, 4, 6, 4, 5, 3, 3, 4, 6, 3, 5, 5, 4, 5, 3, 4, 4, 4, 6, 6, 6, 5, 4, 4, 5, 3, 6, 6, 4, 6, 3, 3, 3, 3, 3, 5, 6, 5, 4, 5, 5, 6, 4, 3, 3, 4, 4, 3, 4, 6, 3, 3, 4, 5, 6, 4, 3, 5, 4, 4, 3, 6, 3, 3, 4, 3, 5, 3, 6, 4, 3, 4, 6, 5, 4, 3, 6, 3, 4, 6, 5, 3, 3, 5, 5, 4, 4, 4, 6, 6, 3, 4, 6, 4, 6, 6, 4, 4, 4, 5, 6, 3, 5, 6, 3, 4, 6, 3, 6, 5, 6, 6]=
=[220, 50, 313]; 
:[5, 3, 5, 5, 6, 6, 5, 3, 5, 4, 4, 6, 5, 6, 6, 3, 5, 3, 5, 4, 6, 5, 5, 6, 3, 3, 5, 5, 3, 5, 4, 6, 3, 6, 6, 3, 4, 3, 6, 3, 3, 5, 6, 4, 6, 5, 3, 4, 5, 6, 3, 6, 5, 3, 3, 5, 5, 4, 3, 6, 4, 3, 6, 6, 4, 6, 3, 3, 5, 4, 5, 6, 6, 3, 6, 3, 3, 5, 6, 5, 6, 4, 6, 6, 6, 6, 4, 4, 4, 3, 5, 5, 4, 5, 3, 5, 3, 5, 4, 6, 4, 3, 6, 5, 3, 4, 3, 6, 3, 4, 5, 4, 6, 6, 5, 5, 6, 3, 5, 4, 4, 5, 3, 5, 4, 6, 4, 3, 6, 3, 3, 4, 6, 6, 4, 6, 4, 5, 3, 6, 4, 3, 3, 4, 6, 6, 3, 6, 6, 6, 3, 5, 5, 3, 5, 6, 5, 6, 5, 3, 4, 4, 3, 4, 5, 6, 5, 3, 4, 3, 4, 5, 4, 4, 5, 4, 4, 4, 6, 6, 5, 6, 5, 3, 3, 4, 3, 4, 5, 5, 3, 5, 4, 5, 6, 4, 3, 4, 6, 3, 3, 4, 3, 6, 6, 3, 4, 5, 4, 4, 6, 6, 3, 5, 3, 3, 6, 3, 4, 5, 4, 4, 6, 4, 3, 6, 3, 5, 6, 4, 3, 6, 3, 4, 4, 3, 3, 4, 5, 5, 3, 5, 6, 3, 6, 6, 6, 5, 3, 3, 3, 6, 4, 5, 4, 5, 5, 6, 6, 3, 3, 5, 5, 5, 6, 6, 3, 4, 4, 4, 4, 6, 3, 5, 6, 4, 6, 5, 3, 4, 4, 3, 3, 6, 3, 3, 4, 5, 4, 3, 4, 4, 5, 4, 3, 3, 4, 5, 5, 3, 3, 3, 6, 6, 6, 5, 4, 4, 5, 3, 5, 5, 4, 5, 3, 6, 3, 3, 6, 6, 5, 6, 4, 6, 6, 6, 3, 4, 5, 4, 4, 6, 5, 6, 6, 6, 4, 5, 5, 6, 3, 4, 6, 5, 4, 4, 6, 6, 6, 5, 6, 6, 3, 3, 6, 5, 4, 5, 4, 4]=
=[90, 255, 352]; 
:[6, 4, 6, 4, 5, 5, 5, 4, 4, 6, 4, 6, 5, 4, 5, 4, 4, 6, 6, 5, 5, 5, 5, 4, 6, 4, 3, 6, 5, 4, 6, 6, 5, 6, 6, 6, 5, 5, 4, 6, 4, 6, 4, 4, 5, 5, 5, 6, 3, 4, 5, 5, 6, 5, 3, 6, 6, 5, 3, 6, 6, 5, 5, 6, 4, 5, 5, 3, 4, 5, 6, 3, 3, 4, 6, 5, 5, 3, 5, 4, 5, 4, 4, 4, 6, 3, 6, 6, 3, 3, 3, 5, 4, 3, 4, 3, 3, 3, 5, 6, 3, 4, 5, 5, 4, 4, 6, 6, 6, 3, 6, 3, 3, 6, 6, 3, 6, 6, 5, 5, 4, 4, 6, 5, 3, 4, 5, 4, 6, 5, 3, 5, 5, 6, 5, 6, 4, 5, 4, 5, 5, 4, 5, 6, 3, 3, 5, 3, 5, 4, 6, 3, 6, 3, 3, 5, 4, 3, 4, 5, 4, 6, 4, 5, 5, 6, 4, 4, 3, 3, 4, 3, 6, 3, 5, 3, 5, 6, 5, 3, 5, 3, 5, 6, 5, 6, 3, 5, 6, 5, 4, 3, 6, 6, 4, 4, 4, 5, 5, 5, 6, 6, 3, 5, 4, 6, 3, 5, 4, 6, 5, 5, 4, 5, 6, 3, 5, 4, 5, 4, 4, 5, 5, 6, 6, 3, 3, 3, 3, 5, 6, 4, 5, 5, 5, 4, 5, 5, 3, 4, 4, 3, 5, 6, 4, 5, 3, 3, 5, 5, 4, 6, 3, 4, 5, 4, 3, 4, 3, 3, 5, 3, 4, 5, 3, 6, 5, 4, 3, 3, 5, 5, 4, 4, 3, 5, 3, 5, 6, 3, 4, 6, 6, 3, 4, 3, 6, 3, 4, 6, 3, 3, 5, 3, 6, 5, 4, 4, 5, 3, 3, 3, 4, 6, 6, 5, 3, 4, 5, 5, 5, 4, 6, 3, 6, 5, 3, 6, 5, 3, 4, 5, 6, 4, 4, 3, 6, 3, 3, 3, 6, 6, 5, 5, 6, 5, 6, 3, 4, 6, 4, 6, 6, 4, 5, 3, 6, 4, 3, 5, 3, 6, 4, 3, 6, 3, 5, 5, 4, 3]=
=[127, 289, 51]; 
:[6, 3, 4, 3, 3, 6, 6, 6, 5, 5, 5, 4, 6, 5, 5, 3, 5, 6, 4, 5, 4, 4, 4, 5, 6, 5, 6, 3, 3, 4, 6, 6, 3, 4, 3, 3, 6, 4, 6, 4, 5, 5, 4, 3, 4, 5, 6, 4, 6, 5, 5, 3, 4, 6, 4, 4, 6, 3, 4, 6, 6, 5, 4, 6, 6, 3, 6, 4, 6, 5, 5, 5, 4, 5, 5, 3, 6, 5, 3, 5, 6, 5, 3, 6, 4, 4, 4, 5, 3, 5, 4, 6, 5, 5, 4, 3, 3, 4, 5, 3, 4, 5, 5, 4, 4, 3, 6, 5, 3, 4, 6, 5, 5, 5, 5, 5, 5, 6, 6, 3, 5, 4, 5, 5, 3, 6, 3, 3, 3, 5, 4, 5, 4, 6, 3, 3, 4, 6, 4, 4, 6, 6, 4, 5, 4, 4, 4, 4, 5, 5, 5, 3, 6, 5, 6, 6, 6, 5, 3, 5, 5, 3, 6, 3, 6, 6, 4, 4, 5, 3, 4, 6, 6, 4, 6, 6, 5, 4, 5, 5, 5, 5, 5, 3, 5, 6, 4, 6, 6, 5, 5, 4, 5, 3, 5, 4, 5, 6, 6, 4, 3, 6, 4, 3, 5, 6, 4, 5, 4, 3, 6, 6, 6, 6, 5, 3, 5, 3, 5, 5, 5, 4, 3, 3, 3, 5, 4, 6, 3, 5, 3, 6, 5, 4, 5, 3, 3, 4, 4, 3, 5, 6, 3, 3, 5, 6, 3, 4, 3, 5, 3, 4, 5, 3, 6, 4, 5, 6, 4, 5, 3, 5, 3, 3, 4, 5, 6, 5, 5, 6, 5, 3, 4, 4, 3, 6, 5, 6, 3, 6, 6, 3, 4, 3, 3, 6, 5, 5, 5, 3, 5, 5, 5, 4, 6, 3, 6, 3, 5, 6, 3, 3, 4, 5, 4, 6, 6, 4, 3, 4, 5, 6, 5, 5, 4, 4, 3, 6, 4, 6, 3, 5, 4, 6, 6, 5, 3, 4, 6, 4, 6, 6, 5, 6, 5, 4, 6, 5, 3, 5, 4, 5, 4, 5, 4, 5, 4, 3, 4, 5, 3, 4, 5, 4, 5, 3, 4, 5, 5, 6]=
=[210, 327, 258]; 
:[4, 5, 6, 5, 4, 5, 3, 6, 6, 6, 5, 4, 3, 6, 5, 6, 5, 3, 3, 6, 4, 3, 6, 3, 4, 5, 3, 5, 4, 6, 5, 5, 3, 3, 3, 3, 6, 4, 6, 5, 4, 6, 4, 3, 3, 3, 3, 4, 4, 4, 5, 4, 3, 4, 3, 4, 4, 4, 5, 4, 5, 3, 4, 5, 6, 3, 6, 5, 3, 4, 6, 5, 5, 5, 4, 3, 5, 3, 6, 3, 4, 3, 5, 3, 5, 5, 4, 6, 3, 6, 3, 5, 6, 5, 5, 4, 4, 6, 3, 6, 3, 3, 6, 5, 4, 4, 6, 3, 6, 4, 6, 4, 4, 5, 3, 3, 5, 5, 6, 4, 5, 6, 3, 5, 5, 3, 3, 4, 5, 5, 3, 3, 3, 3, 4, 3, 3, 5, 3, 4, 6, 4, 3, 4, 5, 5, 3, 3, 5, 6, 5, 4, 6, 5, 4, 3, 5, 5, 6, 3, 5, 6, 5, 5, 5, 4, 6, 3, 6, 6, 6, 3, 6, 6, 6, 4, 5, 4, 3, 5, 4, 4, 4, 3, 3, 5, 5, 6, 3, 5, 5, 3, 3, 5, 6, 6, 4, 3, 6, 5, 3, 5, 3, 6, 4, 4, 6, 5, 3, 3, 5, 3, 6, 3, 5, 4, 4, 3, 3, 6, 3, 3, 4, 3, 6, 3, 6, 5, 5, 3, 4, 6, 3, 3, 4, 3, 6, 3, 5, 5, 4, 3, 5, 3, 4, 5, 4, 5, 4, 5, 6, 3, 6, 5, 3, 4, 3, 3, 5, 3, 5, 3, 3, 6, 4, 4, 4, 6, 6, 4, 4, 6, 4, 3, 3, 3, 4, 3, 6, 3, 4, 4, 4, 3, 3, 5, 5, 6, 5, 4, 3, 5, 5, 5, 3, 5, 5, 6, 5, 4, 3, 3, 5, 3, 3, 5, 4, 4, 6, 5, 3, 4, 4, 3, 4, 4, 3, 4, 6, 4, 6, 3, 3, 5, 6, 4, 6, 4, 6, 4, 3, 5, 3, 5, 5, 5, 3, 6, 4, 5, 5, 5, 3, 4, 3, 5, 5, 5, 5, 6, 5, 5, 4, 3, 4, 6, 6, 5, 4, 3]=
=[225, 257, 122]; 
:[3, 6, 6, 4, 4, 5, 5, 3, 5, 6, 6, 6, 4, 5, 6, 5, 5, 6, 3, 3, 6, 4, 4, 5, 4, 5, 6, 6, 3, 5, 6, 6, 4, 5, 4, 5, 3, 4, 3, 6, 5, 6, 5, 4, 4, 3, 5, 6, 3, 6, 3, 3, 4, 5, 5, 4, 6, 3, 6, 4, 5, 4, 6, 5, 3, 4, 3, 3, 3, 5, 3, 6, 5, 3, 5, 5, 3, 6, 3, 6, 5, 3, 6, 6, 6, 3, 5, 6, 6, 5, 3, 6, 3, 6, 5, 6, 4, 3, 5, 5, 5, 4, 5, 6, 3, 6, 4, 3, 3, 4, 3, 3, 4, 3, 5, 3, 6, 4, 3, 6, 5, 4, 3, 3, 4, 5, 4, 6, 5, 5, 5, 6, 6, 5, 3, 4, 5, 4, 4, 5, 6, 5, 5, 4, 4, 3, 5, 3, 3, 6, 4, 6, 3, 6, 5, 6, 5, 3, 3, 3, 6, 5, 6, 5, 4, 4, 4, 4, 5, 3, 3, 5, 5, 5, 6, 3, 3, 6, 4, 3, 3, 3, 4, 3, 6, 4, 3, 5, 5, 4, 5, 5, 3, 4, 6, 5, 5, 3, 5, 6, 5, 6, 4, 5, 6, 4, 5, 4, 3, 5, 5, 6, 4, 3, 5, 6, 3, 3, 6, 5, 3, 6, 3, 3, 5, 4, 3, 4, 5, 6, 3, 3, 5, 5, 5, 5, 5, 6, 4, 4, 5, 4, 5, 5, 3, 3, 5, 5, 4, 4, 6, 5, 3, 6, 4, 5, 6, 5, 3, 6, 5, 4, 6, 3, 3, 3, 4, 4, 5, 4, 3, 3, 6, 6, 6, 5, 5, 5, 3, 4, 3, 5, 4, 4, 5, 6, 6, 4, 6, 3, 5, 3, 4, 5, 6, 3, 4, 3, 5, 4, 3, 5, 4, 4, 4, 4, 5, 6, 5, 3, 3, 5, 4, 5, 6, 5, 6, 5, 6, 5, 3, 4, 6, 3, 6, 5, 5, 5, 4, 3, 3, 3, 5, 4, 5, 6, 4, 6, 5, 3, 3, 4, 4, 6, 4, 4, 4, 4, 5, 5, 3, 5, 6, 3, 5, 4, 3, 6, 6, 5]=
=[165, 265, 41]; 
:[3, 3, 4, 3, 3, 3, 4, 4, 4, 6, 6, 4, 5, 6, 4, 5, 5, 5, 4, 4, 4, 6, 3, 3, 5, 6, 3, 4, 3, 4, 3, 6, 4, 3, 3, 3, 5, 4, 6, 5, 6, 6, 4, 4, 6, 5, 6, 4, 5, 3, 5, 6, 6, 6, 4, 6, 4, 4, 4, 4, 5, 5, 4, 4, 3, 5, 6, 3, 4, 6, 5, 5, 5, 5, 3, 3, 5, 3, 4, 6, 4, 5, 3, 3, 6, 3, 6, 6, 4, 5, 4, 3, 4, 3, 6, 4, 3, 5, 3, 5, 3, 3, 4, 6, 4, 3, 4, 3, 6, 4, 6, 6, 3, 3, 4, 3, 6, 5, 5, 3, 3, 5, 3, 3, 4, 6, 5, 6, 6, 6, 6, 3, 3, 3, 5, 6, 3, 5, 5, 5, 4, 6, 4, 3, 5, 6, 6, 5, 6, 3, 6, 5, 6, 5, 5, 3, 4, 3, 5, 5, 3, 3, 5, 6, 5, 5, 4, 5, 6, 3, 6, 5, 5, 6, 3, 5, 6, 4, 4, 5, 6, 6, 4, 3, 4, 5, 3, 6, 6, 4, 4, 3, 5, 5, 3, 4, 3, 3, 4, 3, 4, 6, 4, 5, 5, 5, 5, 4, 5, 4, 4, 3, 4, 5, 3, 6, 3, 3, 3, 4, 5, 3, 6, 4, 5, 5, 5, 5, 3, 6, 3, 6, 5, 5, 4, 5, 5, 3, 6, 4, 3, 4, 4, 4, 6, 3, 4, 6, 5, 5, 5, 3, 5, 5, 4, 3, 3, 3, 4, 4, 5, 6, 4, 6, 3, 3, 6, 5, 4, 5, 5, 3, 5, 3, 6, 3, 6, 3, 6, 4, 3, 5, 3, 4, 4, 4, 5, 3, 5, 5, 3, 5, 3, 3, 5, 5, 4, 6, 3, 4, 3, 6, 4, 5, 3, 4, 3, 5, 5, 6, 5, 4, 4, 4, 6, 3, 4, 4, 5, 6, 5, 6, 3, 4, 4, 4, 3, 6, 5, 3, 4, 4, 5, 3, 3, 5, 4, 6, 6, 4, 3, 3, 3, 4, 4, 6, 3, 5, 6, 4, 4, 3, 4, 6, 3, 3, 6, 5, 5, 6]=
=[265, 22, 51]; 
:[6, 3, 5, 3, 5, 4, 5, 5, 5, 4, 6, 6, 3, 6, 4, 4, 6, 3, 6, 3, 5, 3, 3, 4, 6, 6, 4, 3, 3, 4, 6, 4, 3, 6, 5, 4, 3, 5, 4, 6, 6, 6, 4, 6, 6, 4, 6, 6, 5, 4, 5, 3, 5, 6, 3, 4, 5, 3, 5, 6, 5, 4, 3, 5, 6, 3, 4, 6, 5, 3, 3, 6, 5, 3, 3, 6, 6, 4, 3, 3, 3, 4, 5, 4, 5, 4, 5, 3, 3, 6, 5, 6, 6, 6, 3, 5, 6, 3, 3, 6, 3, 4, 5, 3, 6, 5, 6, 4, 5, 5, 3, 5, 5, 6, 3, 3, 4, 6, 5, 5, 5, 6, 6, 5, 6, 3, 4, 4, 3, 5, 6, 5, 5, 4, 4, 5, 5, 4, 3, 5, 5, 5, 5, 4, 6, 3, 6, 3, 5, 5, 3, 3, 4, 5, 5, 4, 6, 4, 3, 6, 6, 4, 6, 5, 3, 5, 6, 5, 3, 3, 4, 6, 4, 4, 3, 5, 6, 5, 5, 4, 6, 6, 4, 4, 5, 3, 6, 3, 6, 4, 4, 5, 5, 4, 4, 5, 6, 6, 4, 5, 3, 6, 6, 4, 5, 5, 3, 6, 6, 5, 5, 4, 6, 3, 5, 6, 3, 3, 5, 3, 6, 5, 4, 4, 4, 3, 4, 4, 6, 5, 6, 3, 4, 5, 6, 6, 4, 5, 5, 4, 3, 3, 5, 6, 6, 6, 3, 3, 5, 3, 3, 6, 6, 5, 4, 4, 4, 6, 4, 6, 3, 5, 6, 3, 4, 4, 5, 4, 6, 4, 5, 4, 3, 3, 5, 3, 3, 6, 4, 6, 5, 5, 6, 4, 4, 5, 4, 5, 3, 3, 6, 6, 4, 4, 5, 5, 3, 6, 4, 3, 3, 6, 5, 3, 5, 5, 6, 5, 6, 3, 5, 4, 6, 4, 3, 5, 6, 4, 3, 4, 6, 3, 3, 5, 3, 3, 6, 5, 5, 5, 5, 3, 6, 5, 5, 3, 4, 4, 6, 6, 5, 3, 5, 5, 6, 5, 3, 3, 5, 6, 5, 3, 6, 5, 6, 6, 5, 3, 3, 6]=
=[104, 4, 124]; 
:[4, 4, 6, 6, 6, 4, 6, 6, 6, 5, 4, 6, 5, 6, 6, 3, 5, 3, 3, 3, 6, 4, 3, 6, 6, 3, 3, 4, 5, 6, 4, 5, 3, 6, 3, 5, 3, 5, 4, 3, 6, 6, 3, 4, 5, 3, 5, 6, 4, 6, 5, 6, 3, 4, 5, 5, 6, 3, 4, 4, 5, 5, 3, 4, 6, 3, 4, 5, 5, 3, 5, 6, 3, 4, 4, 5, 5, 4, 4, 5, 3, 6, 5, 6, 5, 4, 4, 5, 6, 3, 3, 4, 3, 3, 3, 6, 3, 5, 3, 6, 6, 4, 3, 5, 6, 4, 4, 4, 5, 3, 4, 3, 6, 4, 4, 4, 3, 4, 4, 4, 6, 5, 5, 3, 6, 6, 3, 6, 4, 4, 5, 5, 6, 5, 6, 3, 3, 3, 5, 3, 3, 3, 4, 5, 5, 6, 4, 4, 4, 6, 6, 4, 5, 4, 4, 5, 3, 3, 5, 6, 4, 3, 4, 3, 3, 4, 6, 6, 5, 6, 5, 4, 4, 5, 3, 4, 4, 3, 4, 4, 4, 6, 3, 5, 6, 4, 6, 6, 5, 4, 5, 5, 3, 3, 3, 3, 4, 6, 6, 5, 5, 4, 6, 4, 5, 6, 5, 5, 5, 4, 3, 6, 4, 4, 4, 5, 6, 4, 6, 3, 4, 6, 5, 3, 6, 5, 4, 3, 3, 4, 6, 4, 3, 3, 6, 5, 3, 6, 6, 3, 6, 3, 4, 4, 6, 4, 6, 4, 3, 4, 5, 3, 3, 6, 6, 6, 5, 3, 6, 4, 3, 6, 3, 6, 3, 5, 6, 3, 6, 6, 3, 6, 4, 5, 3, 3, 5, 5, 6, 5, 4, 3, 3, 6, 3, 4, 4, 5, 6, 5, 5, 3, 4, 4, 4, 3, 5, 4, 3, 6, 5, 4, 3, 4, 3, 3, 3, 6, 6, 5, 3, 6, 5, 3, 5, 4, 5, 5, 4, 4, 5, 6, 3, 6, 6, 5, 3, 5, 4, 4, 6, 4, 6, 4, 3, 6, 5, 6, 3, 3, 6, 6, 3, 5, 5, 6, 6, 6, 3, 6, 4, 4, 3, 5, 5, 5, 6, 5, 6, 6]=
=[349, 76, 339]; 
:[5, 6, 5, 4, 4, 6, 6, 5, 6, 6, 3, 4, 6, 3, 5, 6, 4, 4, 4, 6, 3, 4, 4, 5, 5, 5, 5, 3, 4, 5, 5, 3, 6, 5, 6, 3, 3, 3, 4, 3, 5, 6, 4, 4, 6, 4, 3, 5, 3, 5, 3, 6, 5, 4, 3, 5, 6, 4, 3, 6, 5, 4, 3, 4, 4, 6, 4, 6, 3, 4, 3, 4, 6, 4, 4, 5, 5, 3, 4, 4, 5, 5, 5, 6, 6, 3, 5, 6, 4, 6, 3, 5, 5, 5, 4, 4, 6, 3, 4, 5, 4, 4, 3, 6, 3, 6, 4, 5, 6, 3, 5, 3, 4, 4, 5, 6, 3, 6, 6, 6, 4, 6, 6, 3, 5, 5, 4, 6, 3, 6, 5, 3, 5, 3, 6, 3, 6, 4, 5, 3, 3, 3, 3, 3, 5, 5, 5, 6, 5, 6, 5, 6, 4, 4, 3, 3, 5, 4, 3, 5, 4, 3, 4, 3, 4, 5, 3, 5, 5, 5, 3, 4, 3, 6, 5, 5, 6, 4, 3, 4, 5, 3, 3, 5, 4, 5, 4, 6, 4, 4, 4, 5, 3, 6, 3, 4, 5, 6, 6, 6, 4, 4, 5, 6, 5, 3, 6, 5, 4, 6, 3, 4, 6, 6, 3, 6, 4, 6, 6, 5, 5, 6, 4, 4, 4, 5, 4, 5, 5, 6, 3, 3, 6, 6, 4, 5, 4, 5, 5, 5, 3, 6, 5, 5, 5, 3, 3, 3, 6, 3, 5, 5, 5, 3, 3, 4, 4, 6, 4, 5, 4, 6, 6, 6, 3, 4, 6, 5, 3, 3, 4, 5, 4, 6, 4, 4, 6, 6, 4, 4, 6, 5, 4, 6, 6, 5, 3, 4, 4, 5, 3, 5, 4, 5, 4, 6, 5, 6, 4, 3, 4, 5, 3, 5, 4, 3, 6, 4, 6, 4, 4, 3, 4, 4, 5, 6, 5, 6, 4, 4, 5, 6, 4, 5, 6, 6, 6, 3, 4, 5, 3, 4, 4, 5, 3, 5, 3, 6, 4, 3, 3, 3, 4, 4, 3, 4, 4, 5, 6, 3, 3, 4, 5, 5, 5, 6, 4, 5, 6, 6]=
=[279, 259, 359]; 
:[3, 3, 5, 4, 6, 3, 3, 6, 4, 6, 4, 3, 4, 4, 6, 4, 3, 6, 3, 6, 6, 5, 5, 3, 3, 4, 5, 6, 4, 5, 4, 4, 5, 6, 6, 4, 4, 6, 6, 6, 6, 6, 6, 5, 4, 6, 4, 4, 6, 6, 5, 6, 3, 3, 6, 5, 4, 6, 5, 6, 4, 4, 5, 4, 3, 5, 6, 3, 6, 3, 6, 3, 3, 4, 5, 5, 5, 6, 3, 6, 3, 6, 6, 6, 4, 3, 5, 4, 6, 6, 5, 4, 5, 3, 6, 6, 6, 6, 3, 6, 4, 6, 6, 6, 4, 5, 6, 5, 4, 6, 5, 4, 5, 6, 5, 4, 3, 4, 6, 5, 3, 3, 3, 6, 3, 5, 5, 4, 5, 5, 3, 3, 3, 5, 3, 5, 5, 4, 6, 6, 5, 4, 5, 5, 4, 5, 4, 6, 5, 4, 4, 6, 4, 5, 6, 4, 3, 5, 5, 4, 5, 5, 6, 4, 3, 5, 4, 3, 4, 5, 3, 6, 3, 3, 5, 3, 3, 4, 4, 3, 4, 6, 6, 5, 6, 5, 4, 5, 5, 6, 5, 4, 3, 5, 5, 5, 6, 3, 6, 4, 4, 6, 5, 3, 3, 3, 6, 4, 5, 6, 6, 5, 3, 5, 3, 4, 5, 4, 4, 6, 6, 4, 6, 3, 4, 6, 4, 6, 6, 6, 4, 4, 6, 3, 6, 3, 6, 3, 3, 3, 4, 5, 6, 4, 4, 4, 6, 5, 3, 5, 4, 4, 3, 3, 5, 6, 5, 6, 3, 5, 5, 5, 6, 3, 5, 5, 4, 6, 5, 3, 4, 4, 5, 3, 3, 3, 3, 6, 6, 5, 3, 4, 4, 3, 6, 5, 6, 3, 3, 5, 6, 6, 5, 4, 5, 4, 5, 3, 4, 6, 5, 4, 5, 6, 4, 6, 6, 3, 3, 5, 5, 5, 6, 5, 5, 6, 5, 6, 6, 3, 6, 4, 5, 5, 6, 3, 3, 5, 3, 3, 6, 6, 5, 4, 5, 6, 4, 3, 3, 6, 5, 4, 3, 5, 5, 5, 4, 3, 5, 6, 3, 6, 6, 3, 4, 4, 6, 5, 5, 4]=
=[254, 265, 143]; 
:[5, 5, 4, 4, 6, 3, 4, 3, 6, 4, 5, 5, 5, 6, 3, 3, 4, 4, 5, 6, 4, 3, 3, 6, 5, 4, 4, 6, 6, 3, 3, 3, 3, 5, 4, 4, 6, 3, 4, 5, 5, 6, 4, 5, 3, 3, 4, 3, 5, 6, 6, 4, 3, 3, 5, 4, 3, 5, 3, 6, 3, 3, 5, 3, 4, 4, 3, 6, 5, 3, 6, 6, 5, 4, 5, 3, 3, 6, 4, 5, 4, 3, 6, 4, 6, 5, 3, 4, 3, 4, 6, 5, 6, 5, 5, 4, 6, 5, 3, 6, 3, 3, 6, 6, 3, 5, 5, 3, 4, 6, 3, 4, 5, 3, 4, 5, 5, 6, 3, 5, 5, 6, 6, 3, 5, 6, 5, 4, 3, 5, 3, 3, 5, 3, 5, 3, 5, 4, 5, 3, 5, 3, 3, 5, 3, 6, 4, 5, 5, 5, 4, 3, 5, 3, 4, 3, 6, 3, 3, 4, 4, 5, 5, 3, 5, 4, 6, 6, 6, 5, 3, 5, 3, 5, 4, 5, 3, 3, 6, 4, 5, 6, 4, 4, 5, 3, 5, 4, 3, 4, 4, 4, 5, 4, 6, 3, 3, 6, 4, 6, 5, 3, 3, 6, 6, 4, 6, 3, 4, 6, 3, 3, 5, 4, 5, 3, 4, 6, 3, 6, 6, 3, 6, 5, 3, 3, 6, 5, 5, 4, 3, 6, 4, 5, 6, 3, 5, 4, 4, 3, 3, 3, 6, 5, 6, 4, 5, 5, 4, 5, 5, 4, 5, 5, 6, 5, 5, 3, 6, 5, 6, 6, 4, 5, 6, 6, 5, 6, 4, 3, 3, 5, 5, 6, 5, 3, 4, 5, 3, 3, 4, 4, 3, 3, 3, 5, 4, 6, 5, 5, 4, 5, 4, 4, 6, 3, 4, 6, 3, 3, 6, 3, 6, 3, 6, 3, 5, 3, 5, 6, 3, 3, 3, 3, 6, 5, 4, 6, 4, 3, 4, 4, 6, 3, 5, 4, 4, 5, 6, 5, 6, 4, 6, 3, 3, 3, 3, 6, 6, 5, 6, 4, 3, 6, 5, 5, 6, 6, 3, 5, 6, 4, 4, 6, 4, 5, 6, 3, 6, 4]=
=[26, 292, 23]; 
:[3, 5, 6, 4, 4, 5, 5, 4, 6, 5, 6, 5, 3, 6, 6, 4, 4, 4, 3, 3, 3, 3, 5, 5, 3, 3, 5, 4, 6, 5, 6, 5, 4, 3, 6, 4, 6, 4, 5, 5, 4, 4, 6, 3, 4, 4, 5, 5, 6, 6, 6, 4, 4, 3, 6, 4, 3, 6, 3, 6, 3, 5, 3, 3, 3, 4, 3, 5, 4, 6, 6, 3, 4, 4, 4, 6, 3, 3, 4, 5, 3, 4, 6, 5, 6, 3, 6, 3, 5, 5, 3, 3, 6, 6, 3, 3, 4, 5, 6, 3, 5, 5, 4, 3, 4, 3, 6, 3, 3, 4, 6, 5, 3, 6, 3, 3, 4, 3, 3, 6, 4, 5, 5, 5, 4, 4, 4, 3, 5, 4, 6, 3, 3, 6, 6, 5, 6, 6, 5, 3, 5, 5, 6, 5, 6, 4, 3, 6, 5, 5, 5, 3, 4, 6, 6, 6, 3, 6, 5, 6, 4, 5, 3, 4, 4, 6, 4, 3, 4, 5, 6, 4, 6, 6, 6, 5, 4, 6, 4, 6, 4, 6, 5, 6, 4, 4, 6, 3, 6, 3, 5, 3, 5, 4, 5, 5, 3, 6, 5, 3, 4, 5, 5, 6, 6, 5, 6, 6, 3, 3, 3, 5, 5, 3, 4, 3, 6, 3, 5, 4, 3, 5, 6, 4, 6, 5, 3, 5, 6, 3, 3, 6, 6, 3, 5, 4, 6, 3, 3, 4, 5, 6, 5, 5, 5, 6, 3, 6, 3, 4, 5, 4, 5, 3, 4, 3, 5, 5, 3, 3, 5, 5, 3, 4, 4, 5, 4, 3, 5, 5, 4, 3, 3, 3, 3, 5, 5, 6, 4, 3, 6, 6, 5, 3, 5, 4, 4, 5, 3, 6, 6, 6, 6, 3, 4, 6, 5, 6, 4, 6, 4, 6, 4, 5, 4, 4, 3, 5, 4, 5, 5, 3, 3, 4, 4, 6, 4, 5, 6, 4, 3, 3, 5, 5, 3, 6, 3, 3, 5, 6, 4, 6, 4, 3, 5, 4, 5, 3, 6, 4, 6, 4, 3, 4, 4, 3, 4, 6, 6, 5, 4, 6, 3, 5, 5, 5, 3, 6, 5, 5]=
=[350, 117, 46]; 
:[4, 5, 3, 6, 4, 4, 4, 6, 5, 3, 3, 6, 6, 6, 4, 5, 4, 3, 3, 4, 3, 3, 6, 5, 6, 6, 4, 3, 4, 4, 3, 3, 5, 3, 5, 4, 5, 5, 5, 4, 5, 4, 5, 3, 4, 3, 5, 3, 3, 3, 6, 3, 6, 6, 6, 5, 6, 6, 6, 4, 4, 3, 6, 4, 4, 5, 5, 6, 5, 6, 4, 5, 5, 4, 5, 5, 4, 5, 5, 5, 4, 6, 4, 4, 5, 3, 5, 3, 4, 4, 5, 3, 4, 5, 3, 3, 3, 5, 6, 6, 4, 3, 3, 6, 3, 3, 6, 3, 5, 4, 3, 4, 4, 3, 6, 3, 5, 4, 4, 6, 6, 4, 6, 6, 3, 5, 3, 3, 3, 6, 3, 6, 6, 5, 4, 3, 6, 4, 5, 3, 6, 6, 6, 3, 5, 6, 5, 5, 5, 5, 6, 4, 5, 5, 5, 4, 6, 3, 6, 6, 6, 3, 4, 4, 3, 6, 3, 3, 4, 6, 5, 5, 6, 3, 4, 6, 3, 5, 5, 4, 5, 5, 4, 3, 5, 3, 5, 5, 4, 3, 4, 4, 5, 4, 5, 3, 4, 6, 4, 6, 5, 5, 6, 5, 6, 4, 3, 4, 3, 6, 3, 4, 6, 4, 3, 3, 3, 3, 6, 3, 5, 5, 3, 5, 3, 6, 4, 4, 5, 6, 6, 6, 3, 3, 4, 3, 4, 5, 3, 5, 4, 5, 5, 6, 4, 3, 3, 6, 4, 6, 5, 5, 3, 6, 6, 6, 5, 3, 5, 4, 4, 4, 3, 5, 4, 3, 5, 5, 4, 4, 5, 6, 6, 4, 5, 5, 6, 4, 6, 4, 3, 6, 6, 4, 6, 5, 4, 5, 5, 3, 4, 4, 4, 3, 5, 3, 5, 3, 3, 6, 4, 3, 4, 4, 6, 4, 6, 5, 6, 6, 5, 3, 5, 4, 4, 6, 3, 5, 5, 3, 3, 4, 6, 5, 3, 5, 6, 5, 6, 3, 3, 3, 6, 4, 6, 3, 6, 6, 5, 4, 6, 4, 5, 6, 5, 6, 3, 3, 3, 5, 5, 3, 6, 4, 3, 5, 5, 6, 5, 6]=
=[231, 37, 177]; 
